1 4 20 3.330 33.900 bay
1 4 21 3.330 34.600 bay
1 4 22 3.330 34.900 bay
1 4 23 3.330 34.700 bay
1 4 24 3.330 34.700 bay
1 4 25 3.330 34.900 bay
1 4 26 3.330 34.700 bay
1 4 27 3.330 34.100 bay
1 5 19 3.330 34.400 bay
1 5 20 3.330 34.600 bay
1 5 21 3.330 34.900 bay
1 5 22 3.330 35.000 bay
1 5 23 3.330 34.900 bay
1 5 24 3.330 34.900 bay
1 5 25 3.330 35.000 bay
1 5 26 3.330 34.900 bay
1 5 27 3.330 34.700 bay
1 5 28 3.330 34.700 bay
1 6 18 3.330 34.200 bay
1 6 19 3.330 34.700 bay
1 6 20 3.330 35.000 bay
1 6 21 3.330 35.000 bay
1 6 22 3.330 35.000 bay
1 6 23 3.330 35.000 bay
1 6 24 3.330 35.000 bay
1 6 25 3.330 35.000 bay
1 6 26 3.330 35.000 bay
1 6 27 3.330 35.000 bay
1 6 28 3.330 35.000 bay
1 6 29 3.330 35.000 bay
1 7 17 3.330 34.700 bay
1 7 18 3.330 34.700 bay
1 7 19 3.330 34.900 bay
1 7 20 3.330 35.000 bay
1 7 21 3.330 35.000 bay
1 7 22 3.330 35.000 bay
1 7 23 3.330 35.000 bay
1 7 24 3.330 35.000 bay
1 7 25 3.330 35.000 bay
1 7 26 3.330 35.000 bay
1 7 27 3.330 35.000 bay
1 7 28 3.330 35.000 bay
1 7 29 3.330 35.000 bay
1 7 30 3.330 34.800 bay
1 8 16 3.330 35.000 bay
1 8 17 3.330 35.000 bay
1 8 18 3.330 35.000 bay
1 8 19 3.330 35.000 bay
1 8 20 3.330 35.000 bay
1 8 21 3.330 35.000 bay
1 8 22 3.330 34.400 bay
1 8 23 3.330 33.300 bay
1 8 24 3.330 32.700 bay
1 8 25 3.330 32.600 bay
1 8 26 3.330 33.200 bay
1 8 27 3.330 34.400 bay
1 8 28 3.330 35.000 bay
1 8 29 3.330 35.000 bay
1 8 30 3.330 34.800 bay
1 8 31 3.330 34.400 bay
1 9 16 3.330 35.000 bay
1 9 17 3.330 35.000 bay
1 9 18 3.330 35.000 bay
1 9 19 3.330 35.000 bay
1 9 20 3.330 35.000 bay
1 9 21 3.330 35.000 bay
1 9 22 3.330 33.300 bay
1 9 23 3.330 30.000 bay
1 9 24 3.330 28.100 bay
1 9 25 3.330 27.800 bay
1 9 26 3.330 29.500 bay
1 9 27 3.330 33.200 bay
1 9 28 3.330 35.000 bay
1 9 29 3.330 35.000 bay
1 9 30 3.330 34.900 bay
1 9 31 3.330 34.800 bay
1 10 16 3.330 35.000 bay
1 10 17 3.330 35.000 bay
1 10 18 3.330 35.000 bay
1 10 19 3.330 35.000 bay
1 10 20 3.330 34.200 bay
1 10 21 3.330 32.500 bay
1 10 22 3.330 28.600 bay
1 10 27 3.330 29.400 bay
1 10 28 3.330 33.400 bay
1 10 29 3.330 34.500 bay
1 10 30 3.330 35.000 bay
1 10 31 3.330 35.000 bay
1 11 16 3.330 35.000 bay
1 11 17 3.330 35.000 bay
1 11 18 3.330 35.000 bay
1 11 19 3.330 35.000 bay
1 11 20 3.330 32.500 bay
1 11 21 3.330 27.500 bay
1 11 28 3.330 30.100 bay
1 11 29 3.330 33.400 bay
1 11 30 3.330 35.000 bay
1 11 31 3.330 35.000 bay
1 11 32 3.330 35.000 bay
1 12 16 3.330 31.600 bay
1 12 17 3.330 31.200 bay
1 12 18 3.330 30.800 bay
1 12 28 3.330 27.900 bay
1 12 29 3.330 32.600 bay
1 12 30 3.330 35.000 bay
1 12 31 3.330 35.000 bay
1 12 32 3.330 35.000 bay
1 12 33 3.330 35.000 bay
1 13 16 3.330 24.800 bay
1 13 17 3.330 23.500 bay
1 13 28 3.330 26.800 bay
1 13 29 3.330 32.300 bay
1 13 30 3.330 35.000 bay
1 13 31 3.330 35.000 bay
1 13 32 3.330 35.000 bay
1 13 33 3.330 35.000 bay
1 13 34 3.330 34.700 bay
1 14 28 3.330 25.700 bay
1 14 29 3.330 31.900 bay
1 14 30 3.330 35.000 bay
1 14 31 3.330 35.000 bay
1 14 32 3.330 35.000 bay
1 14 33 3.330 35.000 bay
1 14 34 3.330 34.700 bay
1 14 35 3.330 34.200 bay
1 14 46 3.330 35.000 bay
1 14 47 3.330 35.000 bay
1 14 48 3.330 35.000 bay
1 14 49 3.330 35.000 bay
1 15 28 3.330 24.700 bay
1 15 29 3.330 31.600 bay
1 15 30 3.330 35.000 bay
1 15 31 3.330 35.000 bay
1 15 32 3.330 35.000 bay
1 15 33 3.330 35.000 bay
1 15 34 3.330 34.900 bay
1 15 35 3.330 34.700 bay
1 15 45 3.330 34.900 bay
1 15 46 3.330 35.000 bay
1 15 47 3.330 35.000 bay
1 15 48 3.330 35.000 bay
1 15 49 3.330 35.000 bay
1 15 50 3.330 34.900 bay
1 16 28 3.330 23.800 bay
1 16 29 3.330 31.300 bay
1 16 30 3.330 35.000 bay
1 16 31 3.330 35.000 bay
1 16 32 3.330 35.000 bay
1 16 33 3.330 35.000 bay
1 16 34 3.330 35.000 bay
1 16 35 3.330 35.000 bay
1 16 42 3.330 35.000 bay
1 16 43 3.330 35.000 bay
1 16 44 3.330 35.000 bay
1 16 45 3.330 35.000 bay
1 16 46 3.330 35.000 bay
1 16 47 3.330 35.000 bay
1 16 48 3.330 35.000 bay
1 16 49 3.330 35.000 bay
1 16 50 3.330 35.000 bay
1 16 51 3.330 35.000 bay
1 17 27 3.330 14.300 bay
1 17 29 3.330 31.000 bay
1 17 30 3.330 35.000 bay
1 17 31 3.330 35.000 bay
1 17 32 3.330 35.000 bay
1 17 33 3.330 35.000 bay
1 17 34 3.330 35.000 bay
1 17 35 3.330 35.000 bay
1 17 36 3.330 35.000 bay
1 17 41 3.330 35.000 bay
1 17 42 3.330 35.000 bay
1 17 43 3.330 35.000 bay
1 17 44 3.330 35.000 bay
1 17 45 3.330 35.000 bay
1 17 46 3.330 35.000 bay
1 17 47 3.330 35.000 bay
1 17 48 3.330 35.000 bay
1 17 49 3.330 35.000 bay
1 17 50 3.330 35.000 bay
1 17 51 3.330 35.000 bay
1 17 52 3.330 34.900 bay
1 18 28 3.330 22.000 bay
1 18 30 3.330 33.700 bay
1 18 31 3.330 34.600 bay
1 18 32 3.330 35.000 bay
1 18 33 3.330 35.000 bay
1 18 34 3.330 35.000 bay
1 18 35 3.330 35.000 bay
1 18 36 3.330 35.000 bay
1 18 37 3.330 35.000 bay
1 18 38 3.330 35.000 bay
1 18 39 3.330 35.000 bay
1 18 40 3.330 35.000 bay
1 18 41 3.330 35.000 bay
1 18 42 3.330 35.000 bay
1 18 43 3.330 35.000 bay
1 18 44 3.330 35.000 bay
1 18 45 3.330 35.000 bay
1 18 46 3.330 35.000 bay
1 18 47 3.330 35.000 bay
1 18 48 3.330 35.000 bay
1 18 49 3.330 35.000 bay
1 18 50 3.330 35.000 bay
1 18 51 3.330 35.000 bay
1 18 52 3.330 35.000 bay
1 18 53 3.330 35.000 bay
1 19 30 3.330 31.200 bay
1 19 31 3.330 33.700 bay
1 19 32 3.330 35.000 bay
1 19 33 3.330 35.000 bay
1 19 34 3.330 35.000 bay
1 19 35 3.330 35.000 bay
1 19 36 3.330 35.000 bay
1 19 37 3.330 35.000 bay
1 19 38 3.330 35.000 bay
1 19 39 3.330 35.000 bay
1 19 40 3.330 35.000 bay
1 19 41 3.330 35.000 bay
1 19 42 3.330 35.000 bay
1 19 43 3.330 35.000 bay
1 19 44 3.330 35.000 bay
1 19 45 3.330 35.000 bay
1 19 46 3.330 35.000 bay
1 19 47 3.330 35.000 bay
1 19 48 3.330 35.000 bay
1 19 49 3.330 35.000 bay
1 19 50 3.330 35.000 bay
1 19 51 3.330 35.000 bay
1 19 52 3.330 35.000 bay
1 19 53 3.330 35.000 bay
1 19 54 3.330 34.900 bay
1 20 31 3.330 26.700 bay
1 20 32 3.330 28.600 bay
1 20 33 3.330 31.400 bay
1 20 34 3.330 33.300 bay
1 20 35 3.330 34.400 bay
1 20 36 3.330 35.000 bay
1 20 37 3.330 35.000 bay
1 20 38 3.330 35.000 bay
1 20 39 3.330 35.000 bay
1 20 40 3.330 35.000 bay
1 20 41 3.330 35.000 bay
1 20 42 3.330 35.000 bay
1 20 43 3.330 35.000 bay
1 20 44 3.330 35.000 bay
1 20 45 3.330 35.000 bay
1 20 46 3.330 35.000 bay
1 20 47 3.330 35.000 bay
1 20 48 3.330 35.000 bay
1 20 49 3.330 35.000 bay
1 20 50 3.330 35.000 bay
1 20 51 3.330 35.000 bay
1 20 52 3.330 35.000 bay
1 20 53 3.330 35.000 bay
1 20 54 3.330 35.000 bay
1 20 55 3.330 35.000 bay
1 21 28 3.330 15.500 bay
1 21 29 3.330 17.200 bay
1 21 32 3.330 15.900 bay
1 21 33 3.330 24.100 bay
1 21 34 3.330 29.900 bay
1 21 35 3.330 33.300 bay
1 21 36 3.330 35.000 bay
1 21 37 3.330 35.000 bay
1 21 38 3.330 35.000 bay
1 21 39 3.330 35.000 bay
1 21 40 3.330 35.000 bay
1 21 41 3.330 35.000 bay
1 21 42 3.330 35.000 bay
1 21 43 3.330 35.000 bay
1 21 44 3.330 35.000 bay
1 21 45 3.330 35.000 bay
1 21 46 3.330 35.000 bay
1 21 47 3.330 35.000 bay
1 21 48 3.330 35.000 bay
1 21 49 3.330 35.000 bay
1 21 50 3.330 35.000 bay
1 21 51 3.330 35.000 bay
1 21 52 3.330 35.000 bay
1 21 53 3.330 35.000 bay
1 21 54 3.330 35.000 bay
1 21 55 3.330 35.000 bay
1 21 56 3.330 34.900 bay
1 22 28 3.330 11.400 bay
1 22 29 3.330 13.200 bay
1 22 30 3.330 12.100 bay
1 22 33 3.330 16.700 bay
1 22 34 3.330 23.900 bay
1 22 35 3.330 31.300 bay
1 22 36 3.330 35.000 bay
1 22 37 3.330 35.000 bay
1 22 38 3.330 35.000 bay
1 22 39 3.330 35.000 bay
1 22 40 3.330 35.000 bay
1 22 41 3.330 35.000 bay
1 22 42 3.330 35.000 bay
1 22 43 3.330 35.000 bay
1 22 44 3.330 35.000 bay
1 22 45 3.330 35.000 bay
1 22 46 3.330 35.000 bay
1 22 47 3.330 35.000 bay
1 22 48 3.330 35.000 bay
1 22 49 3.330 35.000 bay
1 22 50 3.330 35.000 bay
1 22 51 3.330 35.000 bay
1 22 52 3.330 35.000 bay
1 22 53 3.330 35.000 bay
1 22 54 3.330 35.000 bay
1 22 55 3.330 35.000 bay
1 22 56 3.330 35.000 bay
1 22 57 3.330 35.000 bay
1 22 58 3.330 35.000 bay
1 22 59 3.330 35.000 bay
1 22 60 3.330 35.000 bay
1 22 61 3.330 35.000 bay
1 22 62 3.330 35.000 bay
1 22 63 3.330 35.000 bay
1 22 64 3.330 35.000 bay
1 22 65 3.330 35.000 bay
1 23 29 3.330 10.800 bay
1 23 30 3.330 12.400 bay
1 23 31 3.330 11.100 bay
1 23 34 3.330 15.200 bay
1 23 35 3.330 28.400 bay
1 23 36 3.330 35.000 bay
1 23 37 3.330 35.000 bay
1 23 38 3.330 35.000 bay
1 23 39 3.330 35.000 bay
1 23 40 3.330 35.000 bay
1 23 41 3.330 35.000 bay
1 23 42 3.330 35.000 bay
1 23 43 3.330 35.000 bay
1 23 44 3.330 35.000 bay
1 23 45 3.330 35.000 bay
1 23 46 3.330 35.000 bay
1 23 47 3.330 35.000 bay
1 23 48 3.330 35.000 bay
1 23 49 3.330 35.000 bay
1 23 50 3.330 35.000 bay
1 23 51 3.330 35.000 bay
1 23 52 3.330 35.000 bay
1 23 53 3.330 35.000 bay
1 23 54 3.330 35.000 bay
1 23 55 3.330 35.000 bay
1 23 56 3.330 35.000 bay
1 23 57 3.330 35.000 bay
1 23 58 3.330 35.000 bay
1 23 59 3.330 35.000 bay
1 23 60 3.330 35.000 bay
1 23 61 3.330 35.000 bay
1 23 62 3.330 35.000 bay
1 23 63 3.330 35.000 bay
1 23 64 3.330 35.000 bay
1 23 65 3.330 35.000 bay
1 23 66 3.330 34.800 bay
1 24 29 3.330 7.100 bay
1 24 30 3.330 10.300 bay
1 24 31 3.330 12.300 bay
1 24 32 3.330 11.600 bay
1 24 35 3.330 24.200 bay
1 24 36 3.330 30.700 bay
1 24 37 3.330 32.000 bay
1 24 38 3.330 33.300 bay
1 24 39 3.330 34.400 bay
1 24 40 3.330 35.000 bay
1 24 41 3.330 35.000 bay
1 24 42 3.330 35.000 bay
1 24 43 3.330 35.000 bay
1 24 44 3.330 35.000 bay
1 24 45 3.330 35.000 bay
1 24 46 3.330 35.000 bay
1 24 47 3.330 35.000 bay
1 24 48 3.330 35.000 bay
1 24 49 3.330 35.000 bay
1 24 50 3.330 35.000 bay
1 24 51 3.330 35.000 bay
1 24 52 3.330 35.000 bay
1 24 53 3.330 35.000 bay
1 24 54 3.330 35.000 bay
1 24 55 3.330 35.000 bay
1 24 56 3.330 35.000 bay
1 24 57 3.330 35.000 bay
1 24 58 3.330 35.000 bay
1 24 59 3.330 35.000 bay
1 24 60 3.330 35.000 bay
1 24 61 3.330 35.000 bay
1 24 62 3.330 35.000 bay
1 24 63 3.330 35.000 bay
1 24 64 3.330 35.000 bay
1 24 65 3.330 35.000 bay
1 24 66 3.330 35.000 bay
1 24 67 3.330 35.000 bay
1 24 68 3.330 35.000 bay
1 24 69 3.330 35.000 bay
1 25 31 3.330 11.700 bay
1 25 32 3.330 14.400 bay
1 25 33 3.330 14.200 bay
1 25 36 3.330 22.000 bay
1 25 37 3.330 26.100 bay
1 25 38 3.330 29.900 bay
1 25 39 3.330 33.300 bay
1 25 40 3.330 35.000 bay
1 25 41 3.330 35.000 bay
1 25 42 3.330 35.000 bay
1 25 43 3.330 35.000 bay
1 25 44 3.330 35.000 bay
1 25 45 3.330 35.000 bay
1 25 46 3.330 35.000 bay
1 25 47 3.330 35.000 bay
1 25 48 3.330 35.000 bay
1 25 49 3.330 35.000 bay
1 25 50 3.330 35.000 bay
1 25 51 3.330 35.000 bay
1 25 52 3.330 35.000 bay
1 25 53 3.330 35.000 bay
1 25 54 3.330 35.000 bay
1 25 55 3.330 35.000 bay
1 25 56 3.330 35.000 bay
1 25 57 3.330 35.000 bay
1 25 58 3.330 35.000 bay
1 25 59 3.330 35.000 bay
1 25 60 3.330 35.000 bay
1 25 61 3.330 35.000 bay
1 25 62 3.330 35.000 bay
1 25 63 3.330 35.000 bay
1 25 64 3.330 35.000 bay
1 25 65 3.330 35.000 bay
1 25 66 3.330 35.000 bay
1 25 67 3.330 35.000 bay
1 25 68 3.330 35.000 bay
1 25 69 3.330 35.000 bay
1 25 70 3.330 34.800 bay
1 26 31 3.330 11.200 bay
1 26 32 3.330 16.200 bay
1 26 33 3.330 18.900 bay
1 26 34 3.330 19.200 bay
1 26 37 3.330 19.200 bay
1 26 38 3.330 23.600 bay
1 26 39 3.330 30.500 bay
1 26 40 3.330 34.200 bay
1 26 41 3.330 34.700 bay
1 26 42 3.330 35.000 bay
1 26 43 3.330 35.000 bay
1 26 44 3.330 35.000 bay
1 26 45 3.330 35.000 bay
1 26 46 3.330 35.000 bay
1 26 47 3.330 35.000 bay
1 26 48 3.330 35.000 bay
1 26 49 3.330 35.000 bay
1 26 50 3.330 34.400 bay
1 26 51 3.330 33.300 bay
1 26 52 3.330 31.700 bay
1 26 53 3.330 29.600 bay
1 26 54 3.330 29.200 bay
1 26 55 3.330 30.600 bay
1 26 56 3.330 31.200 bay
1 26 57 3.330 31.200 bay
1 26 58 3.330 31.200 bay
1 26 59 3.330 31.300 bay
1 26 60 3.330 31.300 bay
1 26 61 3.330 31.400 bay
1 26 62 3.330 31.600 bay
1 26 63 3.330 31.900 bay
1 26 64 3.330 32.800 bay
1 26 65 3.330 34.300 bay
1 26 66 3.330 35.000 bay
1 26 67 3.330 35.000 bay
1 26 68 3.330 35.000 bay
1 26 69 3.330 35.000 bay
1 26 70 3.330 35.000 bay
1 26 71 3.330 35.000 bay
1 27 31 3.330 10.800 bay
1 27 32 3.330 17.000 bay
1 27 33 3.330 22.200 bay
1 27 34 3.330 23.400 bay
1 27 39 3.330 26.100 bay
1 27 40 3.330 32.600 bay
1 27 41 3.330 34.200 bay
1 27 42 3.330 35.000 bay
1 27 43 3.330 35.000 bay
1 27 44 3.330 35.000 bay
1 27 45 3.330 35.000 bay
1 27 46 3.330 35.000 bay
1 27 47 3.330 35.000 bay
1 27 48 3.330 35.000 bay
1 27 49 3.330 35.000 bay
1 27 50 3.330 33.300 bay
1 27 53 3.330 18.800 bay
1 27 54 3.330 17.700 bay
1 27 55 3.330 21.700 bay
1 27 56 3.330 23.700 bay
1 27 57 3.330 23.600 bay
1 27 58 3.330 23.700 bay
1 27 59 3.330 23.900 bay
1 27 60 3.330 24.000 bay
1 27 61 3.330 24.200 bay
1 27 62 3.330 24.800 bay
1 27 63 3.330 25.800 bay
1 27 64 3.330 28.500 bay
1 27 65 3.330 32.800 bay
1 27 66 3.330 35.000 bay
1 27 67 3.330 35.000 bay
1 27 68 3.330 35.000 bay
1 27 69 3.330 35.000 bay
1 27 70 3.330 35.000 bay
1 27 71 3.330 35.000 bay
1 27 72 3.330 34.800 bay
1 28 31 3.330 10.400 bay
1 28 32 3.330 17.200 bay
1 28 33 3.330 23.800 bay
1 28 34 3.330 25.900 bay
1 28 35 3.330 23.300 bay
1 28 36 3.330 18.500 bay
1 28 40 3.330 30.800 bay
1 28 41 3.330 32.500 bay
1 28 42 3.330 32.800 bay
1 28 43 3.330 31.900 bay
1 28 44 3.330 31.500 bay
1 28 45 3.330 31.500 bay
1 28 46 3.330 32.000 bay
1 28 47 3.330 32.900 bay
1 28 48 3.330 33.400 bay
1 28 49 3.330 33.500 bay
1 28 50 3.330 31.400 bay
1 28 59 3.330 15.200 bay
1 28 60 3.330 15.300 bay
1 28 61 3.330 15.400 bay
1 28 62 3.330 16.000 bay
1 28 63 3.330 17.100 bay
1 28 64 3.330 20.900 bay
1 28 65 3.330 27.300 bay
1 28 66 3.330 30.900 bay
1 28 67 3.330 31.700 bay
1 28 68 3.330 32.800 bay
1 28 69 3.330 34.300 bay
1 28 70 3.330 35.000 bay
1 28 71 3.330 35.000 bay
1 28 72 3.330 35.000 bay
1 28 73 3.330 35.000 bay
1 29 30 3.330 3.300 bay
1 29 31 3.330 9.900 bay
1 29 32 3.330 16.700 bay
1 29 33 3.330 23.600 bay
1 29 34 3.330 26.700 bay
1 29 35 3.330 25.900 bay
1 29 36 3.330 23.600 bay
1 29 37 3.330 19.800 bay
1 29 38 3.330 20.500 bay
1 29 42 3.330 28.500 bay
1 29 43 3.330 25.800 bay
1 29 44 3.330 24.400 bay
1 29 45 3.330 24.400 bay
1 29 46 3.330 25.900 bay
1 29 47 3.330 28.800 bay
1 29 48 3.330 30.300 bay
1 29 49 3.330 30.500 bay
1 29 50 3.330 28.600 bay
1 29 51 3.330 24.800 bay
1 29 64 3.330 10.000 bay
1 29 65 3.330 17.700 bay
1 29 66 3.330 22.800 bay
1 29 67 3.330 25.100 bay
1 29 68 3.330 28.500 bay
1 29 69 3.330 32.800 bay
1 29 70 3.330 35.000 bay
1 29 71 3.330 35.000 bay
1 29 72 3.330 35.000 bay
1 29 73 3.330 35.000 bay
1 29 74 3.330 34.800 bay
1 30 30 3.330 3.200 bay
1 30 31 3.330 9.500 bay
1 30 32 3.330 16.300 bay
1 30 33 3.330 23.500 bay
1 30 34 3.330 27.100 bay
1 30 35 3.330 27.100 bay
1 30 36 3.330 26.300 bay
1 30 37 3.330 24.800 bay
1 30 38 3.330 24.800 bay
1 30 39 3.330 26.500 bay
1 30 40 3.330 27.200 bay
1 30 48 3.330 27.100 bay
1 30 49 3.330 28.100 bay
1 30 50 3.330 27.300 bay
1 30 51 3.330 24.500 bay
1 30 67 3.330 16.400 bay
1 30 68 3.330 21.200 bay
1 30 69 3.330 28.400 bay
1 30 70 3.330 32.700 bay
1 30 71 3.330 34.200 bay
1 30 72 3.330 35.000 bay
1 30 73 3.330 35.000 bay
1 30 74 3.330 35.000 bay
1 30 75 3.330 35.000 bay
1 31 31 3.330 9.000 bay
1 31 32 3.330 15.800 bay
1 31 33 3.330 23.400 bay
1 31 34 3.330 27.100 bay
1 31 35 3.330 27.100 bay
1 31 36 3.330 26.900 bay
1 31 37 3.330 26.300 bay
1 31 38 3.330 26.400 bay
1 31 39 3.330 26.900 bay
1 31 40 3.330 26.400 bay
1 31 41 3.330 24.800 bay
1 31 42 3.330 19.600 bay
1 31 48 3.330 23.900 bay
1 31 49 3.330 26.500 bay
1 31 50 3.330 27.300 bay
1 31 51 3.330 26.300 bay
1 31 52 3.330 23.200 bay
1 31 53 3.330 18.100 bay
1 31 54 3.330 15.100 bay
1 31 68 3.330 11.000 bay
1 31 69 3.330 20.900 bay
1 31 70 3.330 28.200 bay
1 31 71 3.330 32.700 bay
1 31 72 3.330 35.000 bay
1 31 73 3.330 35.000 bay
1 31 74 3.330 35.000 bay
1 31 75 3.330 35.000 bay
1 31 76 3.330 34.800 bay
1 32 31 3.330 8.600 bay
1 32 32 3.330 15.400 bay
1 32 33 3.330 23.200 bay
1 32 34 3.330 27.100 bay
1 32 35 3.330 27.100 bay
1 32 36 3.330 27.100 bay
1 32 37 3.330 27.100 bay
1 32 38 3.330 27.100 bay
1 32 39 3.330 27.100 bay
1 32 40 3.330 26.300 bay
1 32 41 3.330 24.600 bay
1 32 42 3.330 19.500 bay
1 32 43 3.330 11.100 bay
1 32 48 3.330 23.500 bay
1 32 49 3.330 26.000 bay
1 32 50 3.330 27.200 bay
1 32 51 3.330 27.200 bay
1 32 52 3.330 25.900 bay
1 32 53 3.330 23.500 bay
1 32 54 3.330 21.800 bay
1 32 55 3.330 20.800 bay
1 32 56 3.330 19.600 bay
1 32 57 3.330 18.300 bay
1 32 58 3.330 14.300 bay
1 32 69 3.330 15.500 bay
1 32 70 3.330 22.100 bay
1 32 71 3.330 27.900 bay
1 32 72 3.330 31.800 bay
1 32 73 3.330 33.900 bay
1 32 74 3.330 35.000 bay
1 32 75 3.330 35.000 bay
1 32 76 3.330 35.000 bay
1 32 77 3.330 35.000 bay
1 33 31 3.330 8.100 bay
1 33 32 3.330 14.900 bay
1 33 33 3.330 23.100 bay
1 33 34 3.330 27.100 bay
1 33 35 3.330 27.100 bay
1 33 36 3.330 27.100 bay
1 33 37 3.330 27.100 bay
1 33 38 3.330 27.100 bay
1 33 39 3.330 27.100 bay
1 33 40 3.330 26.800 bay
1 33 41 3.330 26.300 bay
1 33 42 3.330 23.800 bay
1 33 43 3.330 19.400 bay
1 33 44 3.330 16.800 bay
1 33 45 3.330 15.900 bay
1 33 48 3.330 25.900 bay
1 33 49 3.330 26.800 bay
1 33 50 3.330 27.200 bay
1 33 51 3.330 27.100 bay
1 33 52 3.330 26.700 bay
1 33 53 3.330 25.900 bay
1 33 54 3.330 25.300 bay
1 33 55 3.330 25.000 bay
1 33 56 3.330 24.600 bay
1 33 57 3.330 24.200 bay
1 33 58 3.330 21.100 bay
1 33 59 3.330 15.400 bay
1 33 65 3.330 12.100 bay
1 33 66 3.330 12.500 bay
1 33 67 3.330 12.000 bay
1 33 68 3.330 11.800 bay
1 33 70 3.330 14.600 bay
1 33 71 3.330 19.700 bay
1 33 72 3.330 25.500 bay
1 33 73 3.330 31.800 bay
1 33 74 3.330 35.000 bay
1 33 75 3.330 35.000 bay
1 33 76 3.330 35.000 bay
1 33 77 3.330 35.000 bay
1 34 31 3.330 6.900 bay
1 34 32 3.330 12.700 bay
1 34 33 3.330 19.700 bay
1 34 34 3.330 23.500 bay
1 34 35 3.330 24.100 bay
1 34 36 3.330 25.100 bay
1 34 37 3.330 26.400 bay
1 34 38 3.330 27.100 bay
1 34 39 3.330 27.100 bay
1 34 40 3.330 27.100 bay
1 34 41 3.330 27.100 bay
1 34 42 3.330 26.200 bay
1 34 43 3.330 24.400 bay
1 34 44 3.330 23.100 bay
1 34 45 3.330 22.400 bay
1 34 49 3.330 27.100 bay
1 34 50 3.330 27.100 bay
1 34 51 3.330 27.100 bay
1 34 52 3.330 27.100 bay
1 34 53 3.330 27.100 bay
1 34 54 3.330 27.100 bay
1 34 55 3.330 27.100 bay
1 34 56 3.330 27.100 bay
1 34 57 3.330 27.100 bay
1 34 58 3.330 25.200 bay
1 34 59 3.330 21.300 bay
1 34 60 3.330 15.900 bay
1 34 64 3.330 17.500 bay
1 34 65 3.330 18.800 bay
1 34 66 3.330 18.300 bay
1 34 67 3.330 16.000 bay
1 34 68 3.330 12.800 bay
1 34 71 3.330 11.800 bay
1 34 72 3.330 17.500 bay
1 34 73 3.330 25.400 bay
1 34 74 3.330 30.700 bay
1 34 75 3.330 33.600 bay
1 34 76 3.330 35.000 bay
1 34 77 3.330 35.000 bay
1 35 31 3.330 4.900 bay
1 35 32 3.330 8.700 bay
1 35 33 3.330 13.300 bay
1 35 34 3.330 16.300 bay
1 35 35 3.330 18.000 bay
1 35 36 3.330 20.900 bay
1 35 37 3.330 25.100 bay
1 35 38 3.330 27.100 bay
1 35 39 3.330 27.100 bay
1 35 40 3.330 27.100 bay
1 35 41 3.330 27.100 bay
1 35 42 3.330 26.800 bay
1 35 43 3.330 26.200 bay
1 35 44 3.330 25.800 bay
1 35 45 3.330 25.500 bay
1 35 46 3.330 25.800 bay
1 35 47 3.330 26.700 bay
1 35 50 3.330 27.100 bay
1 35 51 3.330 27.100 bay
1 35 52 3.330 27.100 bay
1 35 53 3.330 27.100 bay
1 35 54 3.330 27.100 bay
1 35 55 3.330 27.100 bay
1 35 56 3.330 27.100 bay
1 35 57 3.330 27.100 bay
1 35 58 3.330 26.500 bay
1 35 59 3.330 25.200 bay
1 35 60 3.330 22.100 bay
1 35 63 3.330 21.500 bay
1 35 64 3.330 23.900 bay
1 35 65 3.330 24.400 bay
1 35 66 3.330 21.800 bay
1 35 67 3.330 16.200 bay
1 35 72 3.330 7.900 bay
1 35 73 3.330 14.600 bay
1 35 74 3.330 22.200 bay
1 35 75 3.330 30.700 bay
1 35 76 3.330 35.000 bay
1 35 77 3.330 35.000 bay
1 36 31 3.330 3.000 bay
1 36 32 3.330 5.300 bay
1 36 33 3.330 7.900 bay
1 36 34 3.330 10.200 bay
1 36 35 3.330 12.100 bay
1 36 36 3.330 15.900 bay
1 36 37 3.330 21.400 bay
1 36 38 3.330 24.900 bay
1 36 39 3.330 26.400 bay
1 36 40 3.330 27.100 bay
1 36 41 3.330 27.100 bay
1 36 42 3.330 27.100 bay
1 36 43 3.330 27.100 bay
1 36 44 3.330 27.100 bay
1 36 45 3.330 27.100 bay
1 36 46 3.330 27.100 bay
1 36 47 3.330 27.100 bay
1 36 48 3.330 27.100 bay
1 36 49 3.330 27.100 bay
1 36 50 3.330 27.100 bay
1 36 51 3.330 27.100 bay
1 36 52 3.330 27.100 bay
1 36 53 3.330 27.100 bay
1 36 54 3.330 27.100 bay
1 36 55 3.330 27.100 bay
1 36 56 3.330 27.100 bay
1 36 57 3.330 27.100 bay
1 36 58 3.330 27.100 bay
1 36 59 3.330 27.100 bay
1 36 60 3.330 25.700 bay
1 36 61 3.330 22.900 bay
1 36 62 3.330 22.000 bay
1 36 63 3.330 23.100 bay
1 36 64 3.330 23.300 bay
1 36 65 3.330 22.800 bay
1 36 66 3.330 19.500 bay
1 36 67 3.330 13.600 bay
1 36 73 3.330 6.900 bay
1 36 75 3.330 23.400 bay
1 36 76 3.330 29.200 bay
1 36 77 3.330 31.400 bay
1 37 36 3.330 9.900 bay
1 37 37 3.330 15.500 bay
1 37 38 3.330 20.500 bay
1 37 39 3.330 24.900 bay
1 37 40 3.330 27.100 bay
1 37 41 3.330 27.100 bay
1 37 42 3.330 27.100 bay
1 37 43 3.330 27.100 bay
1 37 44 3.330 27.100 bay
1 37 45 3.330 27.100 bay
1 37 46 3.330 27.100 bay
1 37 47 3.330 27.100 bay
1 37 48 3.330 27.100 bay
1 37 49 3.330 27.100 bay
1 37 50 3.330 27.100 bay
1 37 51 3.330 27.100 bay
1 37 52 3.330 27.100 bay
1 37 53 3.330 27.100 bay
1 37 54 3.330 27.100 bay
1 37 55 3.330 27.100 bay
1 37 56 3.330 27.100 bay
1 37 57 3.330 27.100 bay
1 37 58 3.330 27.100 bay
1 37 59 3.330 27.100 bay
1 37 60 3.330 26.700 bay
1 37 61 3.330 25.700 bay
1 37 62 3.330 23.100 bay
1 37 63 3.330 18.700 bay
1 37 64 3.330 15.700 bay
1 37 65 3.330 14.100 bay
1 37 66 3.330 11.600 bay
1 37 67 3.330 8.200 bay
1 37 76 3.330 17.700 bay
1 37 77 3.330 24.200 bay
1 38 37 3.330 11.100 bay
1 38 38 3.330 16.800 bay
1 38 39 3.330 22.700 bay
1 38 40 3.330 25.800 bay
1 38 41 3.330 26.100 bay
1 38 42 3.330 26.500 bay
1 38 43 3.330 26.900 bay
1 38 44 3.330 27.100 bay
1 38 45 3.330 27.100 bay
1 38 46 3.330 27.100 bay
1 38 47 3.330 27.100 bay
1 38 48 3.330 27.100 bay
1 38 49 3.330 27.100 bay
1 38 50 3.330 27.100 bay
1 38 51 3.330 27.100 bay
1 38 52 3.330 27.100 bay
1 38 53 3.330 27.100 bay
1 38 54 3.330 27.100 bay
1 38 55 3.330 27.100 bay
1 38 56 3.330 27.100 bay
1 38 57 3.330 27.100 bay
1 38 58 3.330 27.100 bay
1 38 59 3.330 27.100 bay
1 38 60 3.330 26.300 bay
1 38 61 3.330 24.700 bay
1 38 62 3.330 20.400 bay
1 39 37 3.330 8.200 bay
1 39 38 3.330 13.700 bay
1 39 39 3.330 19.700 bay
1 39 40 3.330 23.200 bay
1 39 41 3.330 24.100 bay
1 39 42 3.330 25.200 bay
1 39 43 3.330 26.500 bay
1 39 44 3.330 27.100 bay
1 39 45 3.330 27.100 bay
1 39 46 3.330 27.100 bay
1 39 47 3.330 27.100 bay
1 39 48 3.330 27.100 bay
1 39 49 3.330 27.100 bay
1 39 50 3.330 27.100 bay
1 39 51 3.330 27.100 bay
1 39 52 3.330 27.100 bay
1 39 53 3.330 27.100 bay
1 39 54 3.330 27.100 bay
1 39 55 3.330 27.100 bay
1 39 56 3.330 27.100 bay
1 39 57 3.330 27.100 bay
1 39 58 3.330 27.100 bay
1 39 59 3.330 27.100 bay
1 39 60 3.330 24.700 bay
1 39 61 3.330 19.900 bay
1 39 62 3.330 14.000 bay
1 40 37 3.330 6.200 bay
1 40 38 3.330 11.000 bay
1 40 39 3.330 16.400 bay
1 40 40 3.330 19.800 bay
1 40 41 3.330 21.100 bay
1 40 42 3.330 22.500 bay
1 40 43 3.330 24.100 bay
1 40 44 3.330 25.000 bay
1 40 45 3.330 25.300 bay
1 40 46 3.330 25.500 bay
1 40 47 3.330 25.800 bay
1 40 48 3.330 26.000 bay
1 40 49 3.330 26.300 bay
1 40 50 3.330 26.600 bay
1 40 51 3.330 26.900 bay
1 40 52 3.330 27.100 bay
1 40 53 3.330 27.100 bay
1 40 54 3.330 27.000 bay
1 40 55 3.330 26.700 bay
1 40 56 3.330 26.600 bay
1 40 57 3.330 26.600 bay
1 40 58 3.330 26.500 bay
1 40 59 3.330 26.100 bay
1 40 60 3.330 22.800 bay
1 40 61 3.330 16.400 bay
1 40 62 3.330 9.900 bay
1 41 37 3.330 5.000 bay
1 41 38 3.330 8.700 bay
1 41 39 3.330 12.700 bay
1 41 40 3.330 15.500 bay
1 41 41 3.330 16.900 bay
1 41 42 3.330 18.300 bay
1 41 43 3.330 19.700 bay
1 41 44 3.330 20.800 bay
1 41 45 3.330 21.600 bay
1 41 46 3.330 22.400 bay
1 41 47 3.330 23.100 bay
1 41 48 3.330 23.800 bay
1 41 49 3.330 24.500 bay
1 41 50 3.330 25.400 bay
1 41 51 3.330 26.600 bay
1 41 52 3.330 27.100 bay
1 41 53 3.330 27.100 bay
1 41 54 3.330 26.700 bay
1 41 55 3.330 26.000 bay
1 41 56 3.330 25.600 bay
1 41 57 3.330 25.600 bay
1 41 58 3.330 25.100 bay
1 41 59 3.330 24.100 bay
1 41 60 3.330 20.500 bay
1 41 61 3.330 14.200 bay
1 41 62 3.330 8.300 bay
1 42 38 3.330 6.300 bay
1 42 39 3.330 8.800 bay
1 42 40 3.330 10.700 bay
1 42 41 3.330 11.900 bay
1 42 42 3.330 13.400 bay
1 42 43 3.330 15.000 bay
1 42 44 3.330 16.400 bay
1 42 45 3.330 17.700 bay
1 42 46 3.330 18.800 bay
1 42 47 3.330 19.800 bay
1 42 48 3.330 20.800 bay
1 42 49 3.330 21.700 bay
1 42 50 3.330 22.900 bay
1 42 51 3.330 24.300 bay
1 42 52 3.330 25.000 bay
1 42 53 3.330 25.000 bay
1 42 54 3.330 24.700 bay
1 42 55 3.330 23.900 bay
1 42 56 3.330 23.500 bay
1 42 57 3.330 23.500 bay
1 42 58 3.330 22.900 bay
1 42 59 3.330 21.600 bay
1 42 60 3.330 18.100 bay
1 42 61 3.330 12.300 bay
1 42 62 3.330 7.100 bay
1 43 38 3.330 3.900 bay
1 43 39 3.330 4.700 bay
1 43 40 3.330 5.500 bay
1 43 41 3.330 6.100 bay
1 43 42 3.330 7.600 bay
1 43 43 3.330 9.900 bay
1 43 44 3.330 11.900 bay
1 43 45 3.330 13.400 bay
1 43 46 3.330 14.700 bay
1 43 47 3.330 15.800 bay
1 43 48 3.330 16.900 bay
1 43 49 3.330 17.900 bay
1 43 50 3.330 19.000 bay
1 43 51 3.330 20.000 bay
1 43 52 3.330 20.700 bay
1 43 53 3.330 20.900 bay
1 43 54 3.330 20.800 bay
1 43 55 3.330 20.500 bay
1 43 56 3.330 20.200 bay
1 43 57 3.330 20.100 bay
1 43 58 3.330 19.600 bay
1 43 59 3.330 18.600 bay
1 43 60 3.330 15.600 bay
1 43 61 3.330 10.700 bay
1 43 62 3.330 6.200 bay
1 44 38 3.330 2.100 bay
1 44 39 3.330 2.000 bay
1 44 40 3.330 2.100 bay
1 44 41 3.330 2.500 bay
1 44 42 3.330 3.700 bay
1 44 43 3.330 5.800 bay
1 44 44 3.330 7.800 bay
1 44 45 3.330 9.400 bay
1 44 46 3.330 10.800 bay
1 44 47 3.330 12.100 bay
1 44 48 3.330 13.200 bay
1 44 49 3.330 14.300 bay
1 44 50 3.330 15.300 bay
1 44 51 3.330 16.200 bay
1 44 52 3.330 16.700 bay
1 44 53 3.330 17.000 bay
1 44 54 3.330 17.100 bay
1 44 55 3.330 17.100 bay
1 44 56 3.330 17.000 bay
1 44 57 3.330 16.800 bay
1 44 58 3.330 16.400 bay
1 44 59 3.330 15.600 bay
1 44 60 3.330 13.200 bay
1 44 61 3.330 9.400 bay
1 44 62 3.330 5.800 bay
1 45 42 3.330 1.600 bay
1 45 43 3.330 2.700 bay
1 45 44 3.330 4.100 bay
1 45 45 3.330 5.700 bay
1 45 46 3.330 7.200 bay
1 45 47 3.330 8.600 bay
1 45 48 3.330 9.800 bay
1 45 49 3.330 10.800 bay
1 45 50 3.330 11.800 bay
1 45 51 3.330 12.600 bay
1 45 52 3.330 13.200 bay
1 45 53 3.330 13.500 bay
1 45 54 3.330 13.700 bay
1 45 55 3.330 13.700 bay
1 45 56 3.330 13.600 bay
1 45 57 3.330 13.500 bay
1 45 58 3.330 13.200 bay
1 45 59 3.330 12.600 bay
1 45 60 3.330 11.000 bay
1 45 61 3.330 8.600 bay
1 45 62 3.330 6.000 bay
1 45 63 3.330 3.200 bay
1 46 43 3.330 0.900 bay
1 46 44 3.330 1.800 bay
1 46 45 3.330 3.000 bay
1 46 46 3.330 4.300 bay
1 46 47 3.330 5.600 bay
1 46 48 3.330 6.800 bay
1 46 49 3.330 7.800 bay
1 46 50 3.330 8.700 bay
1 46 51 3.330 9.500 bay
1 46 52 3.330 10.000 bay
1 46 53 3.330 10.400 bay
1 46 54 3.330 10.600 bay
1 46 55 3.330 10.700 bay
1 46 56 3.330 10.700 bay
1 46 57 3.330 10.600 bay
1 46 58 3.330 10.400 bay
1 46 59 3.330 10.000 bay
1 46 60 3.330 9.000 bay
1 46 61 3.330 7.400 bay
1 46 62 3.330 5.500 bay
1 46 63 3.330 3.300 bay
1 47 44 3.330 0.800 bay
1 47 45 3.330 1.300 bay
1 47 46 3.330 2.100 bay
1 47 47 3.330 3.200 bay
1 47 48 3.330 4.200 bay
1 47 49 3.330 5.200 bay
1 47 50 3.330 6.100 bay
1 47 51 3.330 6.700 bay
1 47 52 3.330 7.200 bay
1 47 53 3.330 7.600 bay
1 47 54 3.330 7.800 bay
1 47 55 3.330 8.000 bay
1 47 56 3.330 8.100 bay
1 47 57 3.330 8.100 bay
1 47 58 3.330 8.000 bay
1 47 59 3.330 7.800 bay
1 47 60 3.330 7.100 bay
1 47 61 3.330 5.900 bay
1 47 62 3.330 4.500 bay
1 47 63 3.330 2.700 bay
1 48 45 3.330 0.400 bay
1 48 46 3.330 0.800 bay
1 48 47 3.330 1.500 bay
1 48 48 3.330 2.300 bay
1 48 49 3.330 3.200 bay
1 48 50 3.330 3.900 bay
1 48 51 3.330 4.500 bay
1 48 52 3.330 4.900 bay
1 48 53 3.330 5.300 bay
1 48 54 3.330 5.500 bay
1 48 55 3.330 5.700 bay
1 48 56 3.330 5.900 bay
1 48 57 3.330 6.000 bay
1 48 58 3.330 6.000 bay
1 48 59 3.330 5.900 bay
1 48 60 3.330 5.500 bay
1 48 61 3.330 4.700 bay
1 48 62 3.330 3.500 bay
1 48 63 3.330 2.100 bay
1 49 46 3.330 0.300 bay
1 49 47 3.330 0.600 bay
1 49 48 3.330 1.000 bay
1 49 49 3.330 1.600 bay
1 49 50 3.330 2.200 bay
1 49 51 3.330 2.700 bay
1 49 52 3.330 3.100 bay
1 49 53 3.330 3.500 bay
1 49 54 3.330 3.800 bay
1 49 55 3.330 4.000 bay
1 49 56 3.330 4.200 bay
1 49 57 3.330 4.400 bay
1 49 58 3.330 4.400 bay
1 49 59 3.330 4.500 bay
1 49 60 3.330 4.200 bay
1 49 61 3.330 3.600 bay
1 49 62 3.330 2.700 bay
1 49 63 3.330 1.600 bay
1 50 47 3.330 0.100 bay
1 50 48 3.330 0.300 bay
1 50 49 3.330 0.700 bay
1 50 50 3.330 1.000 bay
1 50 51 3.330 1.500 bay
1 50 52 3.330 1.800 bay
1 50 53 3.330 2.100 bay
1 50 54 3.330 2.400 bay
1 50 55 3.330 2.600 bay
1 50 56 3.330 2.800 bay
1 50 57 3.330 3.000 bay
1 50 58 3.330 3.100 bay
1 50 59 3.330 3.200 bay
1 50 60 3.330 3.000 bay
1 50 61 3.330 2.600 bay
1 50 62 3.330 2.000 bay
1 50 63 3.330 1.200 bay
1 50 64 3.330 0.600 bay
1 51 48 3.330 0.100 bay
1 51 49 3.330 0.300 bay
1 51 50 3.330 0.400 bay
1 51 51 3.330 0.700 bay
1 51 52 3.330 0.900 bay
1 51 53 3.330 1.100 bay
1 51 54 3.330 1.300 bay
1 51 55 3.330 1.500 bay
1 51 56 3.330 1.700 bay
1 51 57 3.330 1.900 bay
1 51 58 3.330 2.000 bay
1 51 59 3.330 2.100 bay
1 51 60 3.330 2.100 bay
1 51 61 3.330 1.800 bay
1 51 62 3.330 1.400 bay
1 51 63 3.330 0.800 bay
1 51 64 3.330 0.400 bay
1 52 49 3.330 0.000 bay
1 52 50 3.330 0.100 bay
1 52 51 3.330 0.200 bay
1 52 52 3.330 0.300 bay
1 52 53 3.330 0.500 bay
1 52 54 3.330 0.600 bay
1 52 55 3.330 0.800 bay
1 52 56 3.330 0.900 bay
1 52 57 3.330 1.100 bay
1 52 58 3.330 1.200 bay
1 52 59 3.330 1.300 bay
1 52 60 3.330 1.300 bay
1 52 61 3.330 1.200 bay
1 52 62 3.330 0.900 bay
1 52 63 3.330 0.500 bay
1 52 64 3.330 0.200 bay
1 53 49 3.330 0.000 bay
1 53 50 3.330 0.000 bay
1 53 51 3.330 0.100 bay
1 53 52 3.330 0.100 bay
1 53 53 3.330 0.200 bay
1 53 54 3.330 0.300 bay
1 53 55 3.330 0.400 bay
1 53 56 3.330 0.500 bay
1 53 57 3.330 0.500 bay
1 53 58 3.330 0.600 bay
1 53 59 3.330 0.800 bay
1 53 60 3.330 0.800 bay
1 53 61 3.330 0.700 bay
1 53 62 3.330 0.600 bay
1 53 63 3.330 0.300 bay
1 53 64 3.330 0.200 bay
1 54 51 3.330 0.000 bay
1 54 52 3.330 0.000 bay
1 54 53 3.330 0.000 bay
1 54 54 3.330 0.100 bay
1 54 55 3.330 0.100 bay
1 54 56 3.330 0.200 bay
1 54 57 3.330 0.200 bay
1 54 58 3.330 0.300 bay
1 54 59 3.330 0.400 bay
1 54 60 3.330 0.400 bay
1 54 61 3.330 0.400 bay
1 54 62 3.330 0.300 bay
1 54 63 3.330 0.200 bay
1 54 64 3.330 0.100 bay
1 55 53 3.330 0.000 bay
1 55 54 3.330 0.000 bay
1 55 55 3.330 0.000 bay
1 55 56 3.330 0.100 bay
1 55 57 3.330 0.100 bay
1 55 58 3.330 0.100 bay
1 55 59 3.330 0.200 bay
1 55 60 3.330 0.200 bay
1 55 61 3.330 0.200 bay
1 55 62 3.330 0.200 bay
1 55 63 3.330 0.100 bay
1 55 64 3.330 0.000 bay
1 55 65 3.330 0.000 bay
1 56 53 3.330 0.000 bay
1 56 54 3.330 0.000 bay
1 56 55 3.330 0.000 bay
1 56 56 3.330 0.000 bay
1 56 57 3.330 0.000 bay
1 56 58 3.330 0.000 bay
1 56 59 3.330 0.100 bay
1 56 60 3.330 0.100 bay
1 56 61 3.330 0.100 bay
1 56 62 3.330 0.100 bay
1 56 63 3.330 0.000 bay
1 56 64 3.330 0.000 bay
1 56 65 3.330 0.000 bay
1 57 54 3.330 0.000 bay
1 57 55 3.330 0.000 bay
1 57 56 3.330 0.000 bay
1 57 57 3.330 0.000 bay
1 57 58 3.330 0.000 bay
1 57 59 3.330 0.000 bay
1 57 60 3.330 0.000 bay
1 57 61 3.330 0.000 bay
1 57 62 3.330 0.000 bay
1 57 63 3.330 0.000 bay
1 57 64 3.330 0.000 bay
1 57 65 3.330 0.000 bay
1 58 54 3.330 0.000 bay
1 58 55 3.330 0.000 bay
1 58 56 3.330 0.000 bay
1 58 57 3.330 0.000 bay
1 58 58 3.330 0.000 bay
1 58 59 3.330 0.000 bay
1 58 60 3.330 0.000 bay
1 58 61 3.330 0.000 bay
1 58 62 3.330 0.000 bay
1 58 63 3.330 0.000 bay
1 58 64 3.330 0.000 bay
1 58 65 3.330 0.000 bay
1 59 55 3.330 0.000 bay
1 59 56 3.330 0.000 bay
1 59 57 3.330 0.000 bay
1 59 58 3.330 0.000 bay
1 59 59 3.330 0.000 bay
1 59 60 3.330 0.000 bay
1 59 61 3.330 0.000 bay
1 59 62 3.330 0.000 bay
1 59 63 3.330 0.000 bay
1 59 64 3.330 0.000 bay
1 59 65 3.330 0.000 bay
1 60 57 3.330 0.000 bay
1 60 58 3.330 0.000 bay
1 60 59 3.330 0.000 bay
1 60 60 3.330 0.000 bay
1 60 61 3.330 0.000 bay
1 60 62 3.330 0.000 bay
1 60 63 3.330 0.000 bay
1 60 64 3.330 0.000 bay
1 60 65 3.330 0.000 bay
1 60 66 3.330 0.000 bay
1 61 57 3.330 0.000 bay
1 61 58 3.330 0.000 bay
1 61 59 3.330 0.000 bay
1 61 60 3.330 0.000 bay
1 61 61 3.330 0.000 bay
1 61 62 3.330 0.000 bay
1 61 63 3.330 0.000 bay
1 61 64 3.330 0.000 bay
1 61 65 3.330 0.000 bay
1 61 66 3.330 0.000 bay
1 62 58 3.330 0.000 bay
1 62 59 3.330 0.000 bay
1 62 60 3.330 0.000 bay
1 62 61 3.330 0.000 bay
1 62 62 3.330 0.000 bay
1 62 63 3.330 0.000 bay
1 62 64 3.330 0.000 bay
1 62 65 3.330 0.000 bay
1 62 66 3.330 0.000 bay
1 63 59 3.330 0.000 bay
1 63 60 3.330 0.000 bay
1 63 61 3.330 0.000 bay
1 63 62 3.330 0.000 bay
1 63 63 3.330 0.000 bay
1 63 64 3.330 0.000 bay
1 63 65 3.330 0.000 bay
1 63 66 3.330 0.000 bay
1 63 67 3.330 0.000 bay
1 64 59 3.330 0.000 bay
1 64 60 3.330 0.000 bay
1 64 61 3.330 0.000 bay
1 64 62 3.330 0.000 bay
1 64 63 3.330 0.000 bay
1 64 64 3.330 0.000 bay
1 64 65 3.330 0.000 bay
1 64 66 3.330 0.000 bay
1 64 67 3.330 0.000 bay
1 65 59 3.330 0.000 bay
1 65 60 3.330 0.000 bay
1 65 61 3.330 0.000 bay
1 65 62 3.330 0.000 bay
1 65 63 3.330 0.000 bay
1 65 64 3.330 0.000 bay
1 65 65 3.330 0.000 bay
1 65 66 3.330 0.000 bay
1 66 60 3.330 0.000 bay
1 66 61 3.330 0.000 bay
1 66 62 3.330 0.000 bay
1 66 63 3.330 0.000 bay
1 66 64 3.330 0.000 bay
1 66 65 3.330 0.000 bay
1 67 60 3.330 0.000 bay
1 67 61 3.330 0.000 bay
1 67 62 3.330 0.000 bay
1 67 63 3.330 0.000 bay
1 67 64 3.330 0.000 bay
1 68 60 3.330 0.000 bay
1 68 61 3.330 0.000 bay
1 3 28 3.324 34.100 "surface perimeter coastal"
1 4 28 3.324 34.100 "surface perimeter coastal"
1 5 30 3.324 35.000 "surface perimeter coastal"
1 6 30 3.324 34.900 "surface perimeter coastal"
1 7 32 3.324 34.400 "surface perimeter coastal"
1 8 32 3.324 34.400 "surface perimeter coastal"
1 9 32 3.324 34.800 "surface perimeter coastal"
1 10 32 3.324 35.000 "surface perimeter coastal"
1 11 22 3.324 20.300 "surface perimeter coastal"
1 11 34 3.324 35.000 "surface perimeter coastal"
1 12 22 3.548 12.100 "surface perimeter coastal"
1 12 34 3.324 34.900 "surface perimeter coastal"
1 13 18 3.324 22.300 "surface perimeter coastal"
1 13 36 3.324 34.000 "surface perimeter coastal"
1 13 50 3.324 34.200 "surface perimeter coastal"
1 14 18 3.552 13.500 "surface perimeter coastal"
1 14 36 3.324 34.200 "surface perimeter coastal"
1 14 50 3.324 34.600 "surface perimeter coastal"
1 15 36 3.324 34.700 "surface perimeter coastal"
1 15 52 3.324 34.200 "surface perimeter coastal"
1 16 36 3.324 35.000 "surface perimeter coastal"
1 16 52 3.324 34.600 "surface perimeter coastal"
1 17 54 3.324 34.200 "surface perimeter coastal"
1 18 54 3.324 34.600 "surface perimeter coastal"
1 19 56 3.324 34.200 "surface perimeter coastal"
1 20 56 3.324 34.700 "surface perimeter coastal"
1 21 66 3.324 33.900 "surface perimeter coastal"
1 22 66 3.324 34.500 "surface perimeter coastal"
1 23 70 3.324 33.800 "surface perimeter coastal"
1 24 70 3.324 34.400 "surface perimeter coastal"
1 25 72 3.324 33.900 "surface perimeter coastal"
1 26 72 3.324 34.400 "surface perimeter coastal"
1 27 74 3.324 33.800 "surface perimeter coastal"
1 28 74 3.324 34.400 "surface perimeter coastal"
1 29 76 3.324 33.800 "surface perimeter coastal"
1 30 76 3.324 34.400 "surface perimeter coastal"
1 31 78 3.324 34.400 "surface perimeter coastal"
1 32 78 3.324 35.000 "surface perimeter coastal"
1 33 78 3.324 35.000 "surface perimeter coastal"
1 34 78 3.324 35.000 "surface perimeter coastal"
1 35 78 3.324 35.000 "surface perimeter coastal"
1 36 78 3.324 33.100 "surface perimeter coastal"
1 37 78 3.324 29.300 "surface perimeter coastal"
1 38 78 3.324 22.800 "surface perimeter coastal"
1 3 19 3.324 33.900 "surface perimeter coastal"
1 4 19 3.324 33.800 "surface perimeter coastal"
1 5 17 3.324 34.200 "surface perimeter coastal"
1 6 17 3.324 34.200 "surface perimeter coastal"
1 7 15 3.324 35.000 "surface perimeter coastal"
1 8 15 3.324 35.000 "surface perimeter coastal"
1 9 15 3.324 35.000 "surface perimeter coastal"
1 10 15 3.324 35.000 "surface perimeter coastal"
1 11 15 3.324 35.000 "surface perimeter coastal"
1 11 27 3.474 22.900 "surface perimeter coastal"
1 12 15 3.324 32.600 "surface perimeter coastal"
1 12 27 3.474 19.200 "surface perimeter coastal"
1 13 15 3.324 27.900 "surface perimeter coastal"
1 13 27 3.517 18.000 "surface perimeter coastal"
1 13 45 3.324 34.400 "surface perimeter coastal"
1 14 15 3.324 20.400 "surface perimeter coastal"
1 14 27 3.517 16.900 "surface perimeter coastal"
1 14 45 3.324 34.800 "surface perimeter coastal"
1 15 27 3.522 15.900 "surface perimeter coastal"
1 15 41 3.324 34.500 "surface perimeter coastal"
1 16 27 3.524 15.000 "surface perimeter coastal"
1 16 41 3.324 35.000 "surface perimeter coastal"
1 37 75 3.828 11.600 "surface perimeter coastal"
1 38 75 4.142 4.200 "surface perimeter coastal"
1 10 23 3.324 22.600 "surface perimeter coastal"
1 10 24 3.483 19.400 "surface perimeter coastal"
1 10 25 3.484 19.100 "surface perimeter coastal"
1 10 26 3.401 22.400 "surface perimeter coastal"
1 12 19 3.324 30.400 "surface perimeter coastal"
1 12 20 3.324 26.700 "surface perimeter coastal"
1 12 21 3.324 19.700 "surface perimeter coastal"
1 14 16 3.507 16.300 "surface perimeter coastal"
1 14 17 3.507 14.800 "surface perimeter coastal"
1 36 74 3.828 13.900 "surface perimeter coastal"
1 38 76 3.896 9.200 "surface perimeter coastal"
1 38 77 3.324 16.300 "surface perimeter coastal"
1 3 20 3.324 33.900 "surface perimeter coastal"
1 3 21 3.324 34.600 "surface perimeter coastal"
1 3 22 3.324 34.900 "surface perimeter coastal"
1 3 23 3.324 34.700 "surface perimeter coastal"
1 3 24 3.324 34.700 "surface perimeter coastal"
1 3 25 3.324 34.900 "surface perimeter coastal"
1 3 26 3.324 34.700 "surface perimeter coastal"
1 3 27 3.324 34.100 "surface perimeter coastal"
1 5 18 3.324 34.100 "surface perimeter coastal"
1 5 29 3.324 34.900 "surface perimeter coastal"
1 7 16 3.324 34.900 "surface perimeter coastal"
1 7 31 3.324 34.400 "surface perimeter coastal"
1 11 33 3.324 35.000 "surface perimeter coastal"
1 13 35 3.324 34.200 "surface perimeter coastal"
1 13 46 3.324 34.300 "surface perimeter coastal"
1 13 47 3.324 34.200 "surface perimeter coastal"
1 13 48 3.324 34.200 "surface perimeter coastal"
1 13 49 3.324 34.400 "surface perimeter coastal"
1 15 42 3.324 34.600 "surface perimeter coastal"
1 15 43 3.324 34.700 "surface perimeter coastal"
1 15 44 3.324 34.800 "surface perimeter coastal"
1 15 51 3.324 34.600 "surface perimeter coastal"
1 17 26 3.924 4.800 "surface perimeter coastal"
1 17 37 3.324 35.000 "surface perimeter coastal"
1 17 38 3.324 35.000 "surface perimeter coastal"
1 17 39 3.324 35.000 "surface perimeter coastal"
1 17 40 3.324 35.000 "surface perimeter coastal"
1 17 53 3.324 34.600 "surface perimeter coastal"
1 19 55 3.324 34.600 "surface perimeter coastal"
1 21 57 3.324 34.700 "surface perimeter coastal"
1 21 58 3.324 34.400 "surface perimeter coastal"
1 21 59 3.324 34.200 "surface perimeter coastal"
1 21 60 3.324 34.100 "surface perimeter coastal"
1 21 61 3.324 34.100 "surface perimeter coastal"
1 21 62 3.324 34.100 "surface perimeter coastal"
1 21 63 3.324 34.100 "surface perimeter coastal"
1 21 64 3.324 34.100 "surface perimeter coastal"
1 21 65 3.324 34.200 "surface perimeter coastal"
1 23 67 3.324 34.500 "surface perimeter coastal"
1 23 68 3.324 34.300 "surface perimeter coastal"
1 23 69 3.324 34.200 "surface perimeter coastal"
1 25 71 3.324 34.400 "surface perimeter coastal"
1 27 73 3.324 34.400 "surface perimeter coastal"
1 29 75 3.324 34.400 "surface perimeter coastal"
1 31 77 3.324 34.400 "surface perimeter coastal"
