0.0 0.0 1000.0
320716800.0 0.20930331945419312 1000.0
320720400.0 0.24155603349208832 1000.0
320724000.0 0.24155603349208832 1000.0
320727600.0 0.24155603349208832 1000.0
320731200.0 0.24155603349208832 1000.0
320734800.0 0.24155603349208832 1000.0
320738400.0 0.24155603349208832 1000.0
320742000.0 0.24155603349208832 1000.0
320745600.0 0.24155603349208832 1000.0
320749200.0 0.24155603349208832 1000.0
320752800.0 0.24155603349208832 1000.0
320756400.0 0.24155603349208832 1000.0
320760000.0 0.24155603349208832 1000.0
320763600.0 0.24155603349208832 1000.0
320767200.0 0.24155603349208832 1000.0
320770800.0 0.24155603349208832 1000.0
320774400.0 0.24155603349208832 1000.0
320778000.0 0.24155603349208832 1000.0
320781600.0 0.24155603349208832 1000.0
320785200.0 0.24155603349208832 1000.0
320788800.0 0.24155603349208832 1000.0
320792400.0 0.24155603349208832 1000.0
320796000.0 0.24155603349208832 1000.0
320799600.0 0.24155603349208832 1000.0
320803200.0 0.24155603349208832 1000.0
320806800.0 0.24155603349208832 1000.0
320810400.0 0.24155603349208832 1000.0
320814000.0 0.24155603349208832 1000.0
320817600.0 0.24155603349208832 1000.0
320821200.0 0.24155603349208832 1000.0
320824800.0 0.24155603349208832 1000.0
320828400.0 0.24155603349208832 1000.0
320832000.0 0.24155603349208832 1000.0
320835600.0 0.24155603349208832 1000.0
320839200.0 0.24155603349208832 1000.0
320842800.0 0.24155603349208832 1000.0
320846400.0 0.24155603349208832 1000.0
320850000.0 0.24155603349208832 1000.0
320853600.0 0.24155603349208832 1000.0
320857200.0 0.24155603349208832 1000.0
320860800.0 0.24155603349208832 1000.0
320864400.0 0.24155603349208832 1000.0
320868000.0 0.24155603349208832 1000.0
320871600.0 0.24155603349208832 1000.0
320875200.0 0.24155603349208832 1000.0
320878800.0 0.24155603349208832 1000.0
320882400.0 0.24155603349208832 1000.0
320886000.0 0.24155603349208832 1000.0
320889600.0 0.24155603349208832 1000.0
320893200.0 0.24155603349208832 1000.0
320896800.0 0.24155603349208832 1000.0
320900400.0 0.24155603349208832 1000.0
320904000.0 0.24155603349208832 1000.0
320907600.0 0.24155603349208832 1000.0
320911200.0 0.24155603349208832 1000.0
320914800.0 0.24155603349208832 1000.0
320918400.0 0.24155603349208832 1000.0
320922000.0 0.24155603349208832 1000.0
320925600.0 0.24155603349208832 1000.0
320929200.0 0.24155603349208832 1000.0
320932800.0 0.24155603349208832 1000.0
320936400.0 0.24155603349208832 1000.0
320940000.0 0.24155603349208832 1000.0
320943600.0 0.2611742913722992 1000.0
320947200.0 0.23702238500118256 1000.0
320950800.0 0.23327220976352692 1000.0
320954400.0 0.22995200753211975 1000.0
320958000.0 0.22701765596866608 1000.0
320961600.0 0.22439199686050415 1000.0
320965200.0 0.2220555692911148 1000.0
320968800.0 0.21996533870697021 1000.0
320972400.0 0.21808527410030365 1000.0
320976000.0 0.17562732100486755 1000.0
320979600.0 0.14765574038028717 1000.0
320983200.0 0.13016146421432495 1000.0
320986800.0 0.117272287607193 1000.0
320990400.0 0.10732843726873398 1000.0
320994000.0 0.09947008639574051 1000.0
320997600.0 0.09325161576271057 1000.0
321001200.0 0.08841979503631592 1000.0
321004800.0 0.0848410576581955 1000.0
321008400.0 0.07628951221704483 1000.0
321012000.0 0.05900539830327034 1000.0
321015600.0 0.04267875850200653 1000.0
321019200.0 0.029572585597634315 1000.0
321022800.0 0.020055951550602913 1000.0
321026400.0 0.013489998877048492 1000.0
321030000.0 0.009746120311319828 1000.0
321033600.0 0.007773886900395155 1000.0
321037200.0 0.007173612713813782 1000.0
321040800.0 0.0068049742840230465 1000.0
321044400.0 0.0064896512776613235 1000.0
321048000.0 0.006223640404641628 1000.0
321051600.0 0.005999735556542873 1000.0
321055200.0 0.005796638783067465 1000.0
321058800.0 0.005619502626359463 1000.0
321062400.0 0.0054645417258143425 1000.0
321066000.0 0.005328482482582331 1000.0
321069600.0 0.005207706242799759 1000.0
321073200.0 0.005100388079881668 1000.0
321076800.0 0.005004793871194124 1000.0
321080400.0 0.004919604863971472 1000.0
321084000.0 0.004842851310968399 1000.0
321087600.0 0.004773562774062157 1000.0
321091200.0 0.004711104556918144 1000.0
321094800.0 0.0046544368378818035 1000.0
321098400.0 0.004603000823408365 1000.0
321102000.0 0.004556296393275261 1000.0
321105600.0 0.004513631574809551 1000.0
321109200.0 0.004474532324820757 1000.0
321112800.0 0.004438704811036587 1000.0
321116400.0 0.004405680578202009 1000.0
321120000.0 0.004375324118882418 1000.0
321123600.0 0.004347252193838358 1000.0
321127200.0 0.004321307875216007 1000.0
321130800.0 0.004297289997339249 1000.0
321134400.0 0.004275018814951181 1000.0
321138000.0 0.004254334140568972 1000.0
321141600.0 0.004235093481838703 1000.0
321145200.0 0.004217170178890228 1000.0
321148800.0 0.004200449679046869 1000.0
321152400.0 0.004184830468147993 1000.0
321156000.0 0.004170221276581287 1000.0
321159600.0 0.004156539682298899 1000.0
321163200.0 0.0041437107138335705 1000.0
321166800.0 0.004131667781621218 1000.0
321170400.0 0.004120349884033203 1000.0
321174000.0 0.004109701607376337 1000.0
321177600.0 0.004099673125892878 1000.0
321181200.0 0.0040902188047766685 1000.0
321184800.0 0.004081296734511852 1000.0
321188400.0 0.004072869662195444 1000.0
321192000.0 0.004064902197569609 1000.0
321195600.0 0.004057362675666809 1000.0
321199200.0 0.004050222225487232 1000.0
321202800.0 0.004043453838676214 1000.0
321206400.0 0.004037033300846815 1000.0
321210000.0 0.004030937794595957 1000.0
321213600.0 0.0040251463651657104 1000.0
321217200.0 0.004019639920443296 1000.0
321220800.0 0.004014400765299797 1000.0
321224400.0 0.004009412135928869 1000.0
321228000.0 0.004004658665508032 1000.0
321231600.0 0.004000126849859953 1000.0
321235200.0 0.003995803650468588 1000.0
321238800.0 0.003991676028817892 1000.0
321242400.0 0.003987733740359545 1000.0
321246000.0 0.0039839656092226505 1000.0
321249600.0 0.003980361856520176 1000.0
321253200.0 0.003976913634687662 1000.0
321256800.0 0.0039736125618219376 1000.0
321260400.0 0.003970450256019831 1000.0
321264000.0 0.003967419732362032 1000.0
321267600.0 0.003964513540267944 1000.0
321271200.0 0.003961725626140833 1000.0
321274800.0 0.003959055058658123 1000.0
321278400.0 0.003956485539674759 1000.0
321282000.0 0.003954016603529453 1000.0
321285600.0 0.003951643127948046 1000.0
321289200.0 0.0039493609219789505 1000.0
321292800.0 0.0039471653290092945 1000.0
321296400.0 0.003945052623748779 1000.0
321300000.0 0.003943018149584532 1000.0
321303600.0 0.0039410581812262535 1000.0
321307200.0 0.003939169924706221 1000.0
321310800.0 0.003937349654734135 1000.0
321314400.0 0.003935594577342272 1000.0
321318000.0 0.0039339009672403336 1000.0
321321600.0 0.11701889336109161 1000.0
321325200.0 0.1918303519487381 1000.0
321328800.0 0.22214877605438232 1000.0
321332400.0 0.2398248165845871 1000.0
321336000.0 0.25423580408096313 1000.0
321339600.0 0.24155603349208832 1000.0
321343200.0 0.24155603349208832 1000.0
321346800.0 0.24155603349208832 1000.0
321350400.0 0.24155603349208832 1000.0
321354000.0 0.24155603349208832 1000.0
321357600.0 0.24155603349208832 1000.0
321361200.0 0.24155603349208832 1000.0
321364800.0 0.24155603349208832 1000.0
321368400.0 0.24155603349208832 1000.0
321372000.0 0.24155603349208832 1000.0
321375600.0 0.24155603349208832 1000.0
321379200.0 0.24155603349208832 1000.0
321382800.0 0.24155603349208832 1000.0
321386400.0 0.24155603349208832 1000.0
321390000.0 0.24155603349208832 1000.0
321393600.0 0.24155603349208832 1000.0
321397200.0 0.24155603349208832 1000.0
321400800.0 0.24155603349208832 1000.0
321404400.0 0.24155603349208832 1000.0
321408000.0 0.24155603349208832 1000.0
321411600.0 0.24155603349208832 1000.0
321415200.0 0.23942987620830536 1000.0
321418800.0 0.20141807198524475 1000.0
321422400.0 0.17661841213703156 1000.0
321426000.0 0.1568525731563568 1000.0
321429600.0 0.14072945713996887 1000.0
321433200.0 0.12744607031345367 1000.0
321436800.0 0.11646213382482529 1000.0
321440400.0 0.1073647290468216 1000.0
321444000.0 0.09985455125570297 1000.0
321447600.0 0.09372839331626892 1000.0
321451200.0 0.08884192258119583 1000.0
321454800.0 0.08511197566986084 1000.0
321458400.0 0.07733893394470215 1000.0
321462000.0 0.06256037205457687 1000.0
321465600.0 0.045238468796014786 1000.0
321469200.0 0.03182050585746765 1000.0
321472800.0 0.021300623193383217 1000.0
321476400.0 0.013601950369775295 1000.0
321480000.0 0.00903451256453991 1000.0
321483600.0 0.006731987930834293 1000.0
321487200.0 0.00598987378180027 1000.0
321490800.0 0.00577831594273448 1000.0
321494400.0 0.005603318568319082 1000.0
321498000.0 0.00545046292245388 1000.0
321501600.0 0.005316040012985468 1000.0
321505200.0 0.005196671932935715 1000.0
321508800.0 0.005090619903057814 1000.0
321512400.0 0.004996220115572214 1000.0
321516000.0 0.004911843221634626 1000.0
321519600.0 0.004835827741771936 1000.0
321523200.0 0.004767227917909622 1000.0
321526800.0 0.0047054048627614975 1000.0
321530400.0 0.0046492572873830795 1000.0
321534000.0 0.004598323721438646 1000.0
321537600.0 0.004552042577415705 1000.0
321541200.0 0.004509736783802509 1000.0
321544800.0 0.004470949061214924 1000.0
321548400.0 0.004435418639332056 1000.0
321552000.0 0.004402687773108482 1000.0
321555600.0 0.004372543655335903 1000.0
321559200.0 0.004344685934484005 1000.0
321562800.0 0.004318936262279749 1000.0
321566400.0 0.00429509487003088 1000.0
321570000.0 0.004272983409464359 1000.0
321573600.0 0.004252443555742502 1000.0
321577200.0 0.004233334679156542 1000.0
321580800.0 0.004215531516820192 1000.0
321584400.0 0.004198921378701925 1000.0
321588000.0 0.0041834027506411076 1000.0
321591600.0 0.004168885760009289 1000.0
321595200.0 0.00415528891608119 1000.0
321598800.0 0.004142537713050842 1000.0
321602400.0 0.004130566958338022 1000.0
321606000.0 0.004119315184652805 1000.0
321609600.0 0.004108727909624577 1000.0
321613200.0 0.004098756238818169 1000.0
321616800.0 0.004089354537427425 1000.0
321620400.0 0.004080480895936489 1000.0
321624000.0 0.00407209899276495 1000.0
321627600.0 0.004064173437654972 1000.0
321631200.0 0.004056673496961594 1000.0
321634800.0 0.004049569368362427 1000.0
321638400.0 0.004042834974825382 1000.0
321642000.0 0.004036446567624807 1000.0
321645600.0 0.0040303803980350494 1000.0
321649200.0 0.0040246169082820415 1000.0
321652800.0 0.004019136540591717 1000.0
321656400.0 0.004013921599835157 1000.0
321660000.0 0.004008955787867308 1000.0
321663600.0 0.004004224203526974 1000.0
321667200.0 0.003999712411314249 1000.0
321670800.0 0.003995408304035664 1000.0
321674400.0 0.003991298843175173 1000.0
321678000.0 0.0039873733185231686 1000.0
321681600.0 0.003983621019870043 1000.0
321685200.0 0.003980032633990049 1000.0
321688800.0 0.003976598381996155 1000.0
321692400.0 0.003973310813307762 1000.0
321696000.0 0.003970161080360413 1000.0
321699600.0 0.003967142663896084 1000.0
321703200.0 0.003964247647672892 1000.0
321706800.0 0.003961469512432814 1000.0
321710400.0 0.003958811052143574 1000.0
321714000.0 0.003956250846385956 1000.0
321717600.0 0.003953790757805109 1000.0
321721200.0 0.00395142612978816 1000.0
321724800.0 0.003949152305722237 1000.0
321728400.0 0.003946964628994465 1000.0
321732000.0 0.003944859374314547 1000.0
321735600.0 0.003942831885069609 1000.0
321739200.0 0.00394087890163064 1000.0
321742800.0 0.0039389971643686295 1000.0
321746400.0 0.003937183413654566 1000.0
321750000.0 0.003935433924198151 1000.0
321753600.0 0.00393374590203166 1000.0
321757200.0 0.003932117484509945 1000.0
321760800.0 0.003930544946342707 1000.0
321764400.0 0.003929025959223509 1000.0
321768000.0 0.0039275591261684895 1000.0
321771600.0 0.003926141187548637 1000.0
321775200.0 0.003924770280718803 1000.0
321778800.0 0.003923444543033838 1000.0
321782400.0 0.003922162111848593 1000.0
321786000.0 0.003920921590179205 1000.0
321789600.0 0.003919720184057951 1000.0
321793200.0 0.0039185574278235435 1000.0
321796800.0 0.003917430993169546 1000.0
321800400.0 0.003916339483112097 1000.0
321804000.0 0.003915281966328621 1000.0
321807600.0 0.003914257045835257 1000.0
321811200.0 0.0039132628589868546 1000.0
321814800.0 0.0039122989401221275 1000.0
321818400.0 0.003911363426595926 1000.0
321822000.0 0.0039104558527469635 1000.0
321825600.0 0.003909574821591377 1000.0
321829200.0 0.003908719401806593 1000.0
321832800.0 0.003907888662070036 1000.0
321836400.0 0.003907082136720419 1000.0
321840000.0 0.003906297963112593 1000.0
321843600.0 0.0039055361412465572 1000.0
321847200.0 0.0039047955069690943 1000.0
321850800.0 0.0039040755946189165 1000.0
321854400.0 0.0039033752400428057 1000.0
321858000.0 0.003902694210410118 1000.0
321861600.0 0.003902031574398279 1000.0
321865200.0 0.003901386633515358 1000.0
321868800.0 0.003900758922100067 1000.0
321872400.0 0.0039001477416604757 1000.0
321876000.0 0.00389955285936594 1000.0
321879600.0 0.0038989733438938856 1000.0
321883200.0 0.003898408729583025 1000.0
321886800.0 0.0038978587836027145 1000.0
321890400.0 0.0038973228074610233 1000.0
321894000.0 0.003896800335496664 1000.0
321897600.0 0.003896291134878993 1000.0
321901200.0 0.0038957945071160793 1000.0
321904800.0 0.0038953102193772793 1000.0
321908400.0 0.0038948378060013056 1000.0
321912000.0 0.0038943770341575146 1000.0
321915600.0 0.003893927438184619 1000.0
321919200.0 0.0038934885524213314 1000.0
321922800.0 0.003893060376867652 1000.0
321926400.0 0.0038926422130316496 1000.0
321930000.0 0.0038922340609133244 1000.0
321933600.0 0.0038918352220207453 1000.0
321937200.0 0.003891445929184556 1000.0
321940800.0 0.0038910654839128256 1000.0
321944400.0 0.003890693886205554 1000.0
321948000.0 0.003890330670401454 1000.0
321951600.0 0.0038899758365005255 1000.0
321955200.0 0.003889628918841481 1000.0
321958800.0 0.003889289917424321 1000.0
321962400.0 0.003888958366587758 1000.0
321966000.0 0.0038886340335011482 1000.0
321969600.0 0.0038883169181644917 1000.0
321973200.0 0.0038880067877471447 1000.0
321976800.0 0.00388770317658782 1000.0
321980400.0 0.0038874063175171614 1000.0
321984000.0 0.0038871157448738813 1000.0
321987600.0 0.00388683145865798 1000.0
321991200.0 0.00388655299320817 1000.0
321994800.0 0.003886280581355095 1000.0
321998400.0 0.0038860137574374676 1000.0
322002000.0 0.003885752521455288 1000.0
322005600.0 0.003885496873408556 1000.0
322009200.0 0.0038852461148053408 1000.0
322012800.0 0.0038850007113069296 1000.0
322016400.0 0.003884760197252035 1000.0
322020000.0 0.003884524805471301 1000.0
322023600.0 0.0038842938374727964 1000.0
322027200.0 0.003884067526087165 1000.0
322030800.0 0.0038838458713144064 1000.0
322034400.0 0.0038836284074932337 1000.0
322038000.0 0.0038834153674542904 1000.0
322041600.0 0.003883206285536289 1000.0
322045200.0 0.003883001394569874 1000.0
322048800.0 0.0038828004617244005 1000.0
322052400.0 0.0038826034869998693 1000.0
322056000.0 0.0038824102375656366 1000.0
322059600.0 0.0038822204805910587 1000.0
322063200.0 0.0038820344489067793 1000.0
322066800.0 0.0038818519096821547 1000.0
322070400.0 0.003881672630086541 1000.0
322074000.0 0.0038814968429505825 1000.0
322077600.0 0.003881324315443635 1000.0
322081200.0 0.0038811550475656986 1000.0
322084800.0 0.003880988573655486 1000.0
322088400.0 0.0038808253593742847 1000.0
322092000.0 0.003880665171891451 1000.0
322095600.0 0.003880507545545697 1000.0
322099200.0 0.12789112329483032 1000.0
322102800.0 0.2079603374004364 1000.0
322106400.0 0.2387235462665558 1000.0
322110000.0 0.25679612159729004 1000.0
322113600.0 0.24155603349208832 1000.0
322117200.0 0.24155603349208832 1000.0
322120800.0 0.24155603349208832 1000.0
322124400.0 0.24155603349208832 1000.0
322128000.0 0.24155603349208832 1000.0
322131600.0 0.24155603349208832 1000.0
322135200.0 0.24155603349208832 1000.0
322138800.0 0.24155603349208832 1000.0
322142400.0 0.24155603349208832 1000.0
322146000.0 0.24155603349208832 1000.0
322149600.0 0.24155603349208832 1000.0
322153200.0 0.24155603349208832 1000.0
322156800.0 0.24155603349208832 1000.0
322160400.0 0.24155603349208832 1000.0
322164000.0 0.24155603349208832 1000.0
322167600.0 0.24155603349208832 1000.0
322171200.0 0.24155603349208832 1000.0
322174800.0 0.24155603349208832 1000.0
322178400.0 0.24155603349208832 1000.0
322182000.0 0.24155603349208832 1000.0
322185600.0 0.24155603349208832 1000.0
322189200.0 0.24155603349208832 1000.0
322192800.0 0.24155603349208832 1000.0
322196400.0 0.24155603349208832 1000.0
322200000.0 0.24155603349208832 1000.0
322203600.0 0.24155603349208832 1000.0
322207200.0 0.24155603349208832 1000.0
322210800.0 0.24155603349208832 1000.0
322214400.0 0.24155603349208832 1000.0
322218000.0 0.24155603349208832 1000.0
322221600.0 0.24155603349208832 1000.0
322225200.0 0.24155603349208832 1000.0
322228800.0 0.24155603349208832 1000.0
322232400.0 0.24155603349208832 1000.0
322236000.0 0.24155603349208832 1000.0
322239600.0 0.24155603349208832 1000.0
322243200.0 0.24155603349208832 1000.0
322246800.0 0.24155603349208832 1000.0
322250400.0 0.24155603349208832 1000.0
322254000.0 0.24155603349208832 1000.0
322257600.0 0.24155603349208832 1000.0
322261200.0 0.24155603349208832 1000.0
322264800.0 0.24155603349208832 1000.0
322268400.0 0.24155603349208832 1000.0
322272000.0 0.24155603349208832 1000.0
322275600.0 0.24155603349208832 1000.0
322279200.0 0.24155603349208832 1000.0
322282800.0 0.24155603349208832 1000.0
322286400.0 0.24155603349208832 1000.0
322290000.0 0.24155603349208832 1000.0
322293600.0 0.24155603349208832 1000.0
322297200.0 0.24155603349208832 1000.0
322300800.0 0.24155603349208832 1000.0
322304400.0 0.24155603349208832 1000.0
322308000.0 0.24155603349208832 1000.0
322311600.0 0.24155603349208832 1000.0
322315200.0 0.24155603349208832 1000.0
322318800.0 0.24155603349208832 1000.0
322322400.0 0.24155603349208832 1000.0
322326000.0 0.24263440072536469 1000.0
322329600.0 0.2287396341562271 1000.0
322333200.0 0.2169155478477478 1000.0
322336800.0 0.2068089097738266 1000.0
322340400.0 0.19807592034339905 1000.0
322344000.0 0.19047994911670685 1000.0
322347600.0 0.18383026123046875 1000.0
322351200.0 0.17798396944999695 1000.0
322354800.0 0.17282699048519135 1000.0
322358400.0 0.14548078179359436 1000.0
322362000.0 0.12661625444889069 1000.0
322365600.0 0.113622285425663 1000.0
322369200.0 0.1040058583021164 1000.0
322372800.0 0.09662085026502609 1000.0
322376400.0 0.09092619270086288 1000.0
322380000.0 0.08664456754922867 1000.0
322383600.0 0.08366212993860245 1000.0
322387200.0 0.08212573081254959 1000.0
322390800.0 0.07809709757566452 1000.0
322394400.0 0.06489921361207962 1000.0
322398000.0 0.04802227392792702 1000.0
322401600.0 0.03423637896776199 1000.0
322405200.0 0.02419898845255375 1000.0
322408800.0 0.0168790090829134 1000.0
322412400.0 0.011760170571506023 1000.0
322416000.0 0.008843899704515934 1000.0
322419600.0 0.0070481556467711926 1000.0
322423200.0 0.006589600816369057 1000.0
322426800.0 0.006304425187408924 1000.0
322430400.0 0.006071924697607756 1000.0
322434000.0 0.005860266275703907 1000.0
322437600.0 0.005674975924193859 1000.0
322441200.0 0.005512953735888004 1000.0
322444800.0 0.00537092424929142 1000.0
322448400.0 0.005245701875537634 1000.0
322452000.0 0.005134047009050846 1000.0
322455600.0 0.005034946836531162 1000.0
322459200.0 0.004946524742990732 1000.0
322462800.0 0.0048670656979084015 1000.0
322466400.0 0.004795398563146591 1000.0
322470000.0 0.004730755463242531 1000.0
322473600.0 0.00467232521623373 1000.0
322477200.0 0.00461918069049716 1000.0
322480800.0 0.004571073222905397 1000.0
322484400.0 0.004527137149125338 1000.0
322488000.0 0.004486919846385717 1000.0
322491600.0 0.004450047854334116 1000.0
322495200.0 0.004416128620505333 1000.0
322498800.0 0.004384949337691069 1000.0
322502400.0 0.004356140736490488 1000.0
322506000.0 0.00432952493429184 1000.0
322509600.0 0.004304899834096432 1000.0
322513200.0 0.004282077308744192 1000.0
322516800.0 0.0042608920484781265 1000.0
322520400.0 0.0042411950416862965 1000.0
322524000.0 0.0042228554375469685 1000.0
322527600.0 0.004205754958093166 1000.0
322531200.0 0.004189787898212671 1000.0
322534800.0 0.0041748592630028725 1000.0
322538400.0 0.004160883836448193 1000.0
322542000.0 0.004147785250097513 1000.0
322545600.0 0.004135493654757738 1000.0
322549200.0 0.0041239457204937935 1000.0
322552800.0 0.004113085567951202 1000.0
322556400.0 0.004102861043065786 1000.0
322560000.0 0.00409322464838624 1000.0
322563600.0 0.004084134008735418 1000.0
322567200.0 0.0040755500085651875 1000.0
322570800.0 0.004067436326295137 1000.0
322574400.0 0.004059761296957731 1000.0
322578000.0 0.004052494186908007 1000.0
322581600.0 0.0040456079877913 1000.0
322585200.0 0.004039077088236809 1000.0
322588800.0 0.0040328786708414555 1000.0
322592400.0 0.004026990383863449 1000.0
322596000.0 0.004021393600851297 1000.0
322599600.0 0.004016069229692221 1000.0
322603200.0 0.004011000972241163 1000.0
322606800.0 0.004006172996014357 1000.0
322610400.0 0.004001570865511894 1000.0
322614000.0 0.003997181076556444 1000.0
322617600.0 0.0039929915219545364 1000.0
322621200.0 0.003988990560173988 1000.0
322624800.0 0.003985166549682617 1000.0
322628400.0 0.003981510642915964 1000.0
322632000.0 0.003978013060986996 1000.0
322635600.0 0.00397466542199254 1000.0
322639200.0 0.003971458878368139 1000.0
322642800.0 0.003968386445194483 1000.0
322646400.0 0.003965440671890974 1000.0
322650000.0 0.003962614573538303 1000.0
322653600.0 0.003959907218813896 1000.0
322657200.0 0.003957305569201708 1000.0
322660800.0 0.003954804502427578 1000.0
322664400.0 0.003952400758862495 1000.0
322668000.0 0.0039500892162323 1000.0
322671600.0 0.003947866149246693 1000.0
322675200.0 0.003945726901292801 1000.0
322678800.0 0.003943667281419039 1000.0
322682400.0 0.003941684029996395 1000.0
322686000.0 0.003939772956073284 1000.0
322689600.0 0.003937930800020695 1000.0
322693200.0 0.003936154767870903 1000.0
322696800.0 0.003934441599994898 1000.0
322700400.0 0.003932788502424955 1000.0
322704000.0 0.003931193146854639 1000.0
322707600.0 0.003929652273654938 1000.0
322711200.0 0.003928163554519415 1000.0
322714800.0 0.003926725592464209 1000.0
322718400.0 0.003925335593521595 1000.0
322722000.0 0.0039239912293851376 1000.0
322725600.0 0.003922691103070974 1000.0
322729200.0 0.003921432886272669 1000.0
322732800.0 0.003920215647667646 1000.0
322736400.0 0.003919036593288183 1000.0
322740000.0 0.003917895257472992 1000.0
322743600.0 0.003916789777576923 1000.0
322747200.0 0.003915718290954828 1000.0
322750800.0 0.003914679400622845 1000.0
322754400.0 0.003913672640919685 1000.0
322758000.0 0.003912696149200201 1000.0
322761600.0 0.003911748994141817 1000.0
322765200.0 0.003910830244421959 1000.0
322768800.0 0.003909938037395477 1000.0
322772400.0 0.003909072373062372 1000.0
322776000.0 0.003908231388777494 1000.0
322779600.0 0.003907414618879557 1000.0
322783200.0 0.003906621132045984 1000.0
322786800.0 0.0039058502297848463 1000.0
322790400.0 0.24155603349208832 1000.0
322794000.0 0.24155603349208832 1000.0
322797600.0 0.24155603349208832 1000.0
322801200.0 0.24155603349208832 1000.0
322804800.0 0.24155603349208832 1000.0
322808400.0 0.24155603349208832 1000.0
322812000.0 0.24155603349208832 1000.0
322815600.0 0.24155603349208832 1000.0
322819200.0 0.24155603349208832 1000.0
322822800.0 0.24155603349208832 1000.0
322826400.0 0.24155603349208832 1000.0
322830000.0 0.24155603349208832 1000.0
322833600.0 0.24155603349208832 1000.0
322837200.0 0.24155603349208832 1000.0
322840800.0 0.24155603349208832 1000.0
322844400.0 0.24155603349208832 1000.0
322848000.0 0.24155603349208832 1000.0
322851600.0 0.24155603349208832 1000.0
322855200.0 0.24155603349208832 1000.0
322858800.0 0.24155603349208832 1000.0
322862400.0 0.24155603349208832 1000.0
322866000.0 0.24155603349208832 1000.0
322869600.0 0.24155603349208832 1000.0
322873200.0 0.24155603349208832 1000.0
322876800.0 0.24155603349208832 1000.0
322880400.0 0.24155603349208832 1000.0
322884000.0 0.24155603349208832 1000.0
322887600.0 0.24155603349208832 1000.0
322891200.0 0.24155603349208832 1000.0
322894800.0 0.24155603349208832 1000.0
322898400.0 0.24155603349208832 1000.0
322902000.0 0.24155603349208832 1000.0
322905600.0 0.24155603349208832 1000.0
322909200.0 0.24155603349208832 1000.0
322912800.0 0.24155603349208832 1000.0
322916400.0 0.24155603349208832 1000.0
322920000.0 0.24155603349208832 1000.0
322923600.0 0.24155603349208832 1000.0
322927200.0 0.24155603349208832 1000.0
322930800.0 0.24155603349208832 1000.0
322934400.0 0.23519594967365265 1000.0
322938000.0 0.22205758094787598 1000.0
322941600.0 0.21121887862682343 1000.0
322945200.0 0.20189790427684784 1000.0
322948800.0 0.19381365180015564 1000.0
322952400.0 0.1867530345916748 1000.0
322956000.0 0.18055778741836548 1000.0
322959600.0 0.1750979721546173 1000.0
322963200.0 0.14730042219161987 1000.0
322966800.0 0.12820865213871002 1000.0
322970400.0 0.11494424939155579 1000.0
322974000.0 0.10510236769914627 1000.0
322977600.0 0.09751175343990326 1000.0
322981200.0 0.0916295275092125 1000.0
322984800.0 0.08716767281293869 1000.0
322988400.0 0.08399653434753418 1000.0
322992000.0 0.08220847696065903 1000.0
322995600.0 0.08018060773611069 1000.0
322999200.0 0.07124624401330948 1000.0
323002800.0 0.05259587615728378 1000.0
323006400.0 0.037902384996414185 1000.0
323010000.0 0.026940779760479927 1000.0
323013600.0 0.018894581124186516 1000.0
323017200.0 0.013023614883422852 1000.0
323020800.0 0.009589185938239098 1000.0
323024400.0 0.007392719388008118 1000.0
323028000.0 0.006595227867364883 1000.0
323031600.0 0.006304486189037561 1000.0
323035200.0 0.00607192562893033 1000.0
323038800.0 0.005860266275703907 1000.0
323042400.0 0.005674975924193859 1000.0
323046000.0 0.005512953735888004 1000.0
323049600.0 0.00537092424929142 1000.0
323053200.0 0.005245701875537634 1000.0
323056800.0 0.005134047009050846 1000.0
323060400.0 0.005034946836531162 1000.0
323064000.0 0.004946524742990732 1000.0
323067600.0 0.0048670656979084015 1000.0
323071200.0 0.004795398563146591 1000.0
323074800.0 0.004730755463242531 1000.0
323078400.0 0.00467232521623373 1000.0
323082000.0 0.00461918069049716 1000.0
323085600.0 0.004571073222905397 1000.0
323089200.0 0.004527137149125338 1000.0
323092800.0 0.004486919846385717 1000.0
323096400.0 0.004450047854334116 1000.0
323100000.0 0.004416128620505333 1000.0
323103600.0 0.004384949337691069 1000.0
323107200.0 0.004356140736490488 1000.0
323110800.0 0.00432952493429184 1000.0
323114400.0 0.004304899834096432 1000.0
323118000.0 0.004282077308744192 1000.0
323121600.0 0.0042608920484781265 1000.0
323125200.0 0.0042411950416862965 1000.0
323128800.0 0.0042228554375469685 1000.0
323132400.0 0.004205754958093166 1000.0
323136000.0 0.004189787898212671 1000.0
323139600.0 0.0041748592630028725 1000.0
323143200.0 0.004160883836448193 1000.0
323146800.0 0.004147785250097513 1000.0
323150400.0 0.004135493654757738 1000.0
323154000.0 0.0041239457204937935 1000.0
323157600.0 0.004113085567951202 1000.0
323161200.0 0.004102861043065786 1000.0
323164800.0 0.00409322464838624 1000.0
323168400.0 0.004084134008735418 1000.0
323172000.0 0.0040755500085651875 1000.0
323175600.0 0.004067436326295137 1000.0
323179200.0 0.004059761296957731 1000.0
323182800.0 0.004052494186908007 1000.0
323186400.0 0.0040456079877913 1000.0
323190000.0 0.004039077088236809 1000.0
323193600.0 0.0040328786708414555 1000.0
323197200.0 0.004026990383863449 1000.0
323200800.0 0.004021393600851297 1000.0
323204400.0 0.004016069229692221 1000.0
323208000.0 0.004011000972241163 1000.0
323211600.0 0.004006172996014357 1000.0
323215200.0 0.004001570865511894 1000.0
323218800.0 0.003997181076556444 1000.0
323222400.0 0.0039929915219545364 1000.0
323226000.0 0.003988990560173988 1000.0
323229600.0 0.003985166549682617 1000.0
323233200.0 0.003981510642915964 1000.0
323236800.0 0.003978013060986996 1000.0
323240400.0 0.00397466542199254 1000.0
323244000.0 0.003971458878368139 1000.0
323247600.0 0.003968386445194483 1000.0
323251200.0 0.003965440671890974 1000.0
323254800.0 0.003962614573538303 1000.0
323258400.0 0.003959907218813896 1000.0
323262000.0 0.003957305569201708 1000.0
323265600.0 0.003954804502427578 1000.0
323269200.0 0.003952400758862495 1000.0
323272800.0 0.0039500892162323 1000.0
323276400.0 0.003947866149246693 1000.0
323280000.0 0.003945726901292801 1000.0
323283600.0 0.003943667281419039 1000.0
323287200.0 0.003941684029996395 1000.0
323290800.0 0.003939772956073284 1000.0
323294400.0 0.003937930800020695 1000.0
323298000.0 0.003936154767870903 1000.0
323301600.0 0.003934441599994898 1000.0
323305200.0 0.003932788502424955 1000.0
323308800.0 0.003931193146854639 1000.0
323312400.0 0.003929652273654938 1000.0
323316000.0 0.003928163554519415 1000.0
323319600.0 0.003926725592464209 1000.0
323323200.0 0.003925335593521595 1000.0
323326800.0 0.0039239912293851376 1000.0
323330400.0 0.003922691103070974 1000.0
323334000.0 0.003921432886272669 1000.0
323337600.0 0.003920215647667646 1000.0
323341200.0 0.003919036593288183 1000.0
323344800.0 0.003917895257472992 1000.0
323348400.0 0.003916789777576923 1000.0
323352000.0 0.003915718290954828 1000.0
323355600.0 0.003914679400622845 1000.0
323359200.0 0.003913672640919685 1000.0
323362800.0 0.003912696149200201 1000.0
323366400.0 0.003911748994141817 1000.0
323370000.0 0.003910830244421959 1000.0
323373600.0 0.003909938037395477 1000.0
323377200.0 0.003909072373062372 1000.0
323380800.0 0.003908231388777494 1000.0
323384400.0 0.003907414618879557 1000.0
323388000.0 0.003906621132045984 1000.0
323391600.0 0.0039058502297848463 1000.0
323395200.0 0.003595534013584256 1000.0
323398800.0 0.003198715392500162 1000.0
323402400.0 0.0031529527623206377 1000.0
323406000.0 0.003150675678625703 1000.0
323409600.0 0.003149954369291663 1000.0
323413200.0 0.003149299416691065 1000.0
323416800.0 0.0031486633233726025 1000.0
323420400.0 0.003148043993860483 1000.0
323424000.0 0.0031474411953240633 1000.0
323427600.0 0.003146854229271412 1000.0
323431200.0 0.003146282397210598 1000.0
323434800.0 0.0031457252334803343 1000.0
323438400.0 0.003145182505249977 1000.0
323442000.0 0.003144653281196952 1000.0
323445600.0 0.003144137794151902 1000.0
323449200.0 0.00314363487996161 1000.0
323452800.0 0.003143144538626075 1000.0
323456400.0 0.0031426665373146534 1000.0
323460000.0 0.003142199944704771 1000.0
323463600.0 0.0031417449936270714 1000.0
323467200.0 0.00314130075275898 1000.0
323470800.0 0.00314086745493114 1000.0
323474400.0 0.003140444401651621 1000.0
323478000.0 0.003140031360089779 1000.0
323481600.0 0.0031396278645843267 1000.0
323485200.0 0.0031392339151352644 1000.0
323488800.0 0.003138849278911948 1000.0
323492400.0 0.003138473257422447 1000.0
323496000.0 0.003138106083497405 1000.0
323499600.0 0.003137747058644891 1000.0
323503200.0 0.003137396415695548 1000.0
323506800.0 0.003137053456157446 1000.0
323510400.0 0.0031367181800305843 1000.0
323514000.0 0.0031363903544843197 1000.0
323517600.0 0.0031360697466880083 1000.0
323521200.0 0.0031357561238110065 1000.0
323524800.0 0.0031354494858533144 1000.0
323528400.0 0.0031351493671536446 1000.0
323532000.0 0.0031348555348813534 1000.0
323535600.0 0.0031345682218670845 1000.0
323539200.0 0.0031342869624495506 1000.0
323542800.0 0.003134011523798108 1000.0
323546400.0 0.0031337421387434006 1000.0
323550000.0 0.003133478108793497 1000.0
323553600.0 0.0031332196667790413 1000.0
323557200.0 0.0031329665798693895 1000.0
323560800.0 0.003132718615233898 1000.0
323564400.0 0.003132475772872567 1000.0
323568000.0 0.11541004478931427 1000.0
323571600.0 0.19128042459487915 1000.0
323575200.0 0.22151921689510345 1000.0
323578800.0 0.2387477457523346 1000.0
323582400.0 0.25272834300994873 1000.0
323586000.0 0.24155603349208832 1000.0
323589600.0 0.24155603349208832 1000.0
323593200.0 0.24155603349208832 1000.0
323596800.0 0.24155603349208832 1000.0
323600400.0 0.24155603349208832 1000.0
323604000.0 0.24155603349208832 1000.0
323607600.0 0.24155603349208832 1000.0
323611200.0 0.24155603349208832 1000.0
323614800.0 0.24155603349208832 1000.0
323618400.0 0.24155603349208832 1000.0
323622000.0 0.24155603349208832 1000.0
323625600.0 0.24155603349208832 1000.0
323629200.0 0.24155603349208832 1000.0
323632800.0 0.24155603349208832 1000.0
323636400.0 0.24155603349208832 1000.0
323640000.0 0.24155603349208832 1000.0
323643600.0 0.24155603349208832 1000.0
323647200.0 0.24155603349208832 1000.0
323650800.0 0.24155603349208832 1000.0
323654400.0 0.24155603349208832 1000.0
323658000.0 0.24155603349208832 1000.0
323661600.0 0.23889018595218658 1000.0
323665200.0 0.20142143964767456 1000.0
323668800.0 0.17657409608364105 1000.0
323672400.0 0.15681670606136322 1000.0
323676000.0 0.1406995803117752 1000.0
323679600.0 0.12742117047309875 1000.0
323683200.0 0.11644135415554047 1000.0
323686800.0 0.10734757035970688 1000.0
323690400.0 0.09984033554792404 1000.0
323694000.0 0.09371689707040787 1000.0
323697600.0 0.08883295953273773 1000.0
323701200.0 0.08510538190603256 1000.0
323704800.0 0.07686320692300797 1000.0
323708400.0 0.06140604615211487 1000.0
323712000.0 0.044680748134851456 1000.0
323715600.0 0.031165750697255135 1000.0
323719200.0 0.020469142124056816 1000.0
323722800.0 0.012920526787638664 1000.0
323726400.0 0.008305283263325691 1000.0
323730000.0 0.006025970913469791 1000.0
323733600.0 0.00524511095136404 1000.0
323737200.0 0.005029154475778341 1000.0
323740800.0 0.0048546758480370045 1000.0
323744400.0 0.004701177589595318 1000.0
323748000.0 0.004567100200802088 1000.0
323751600.0 0.004447867162525654 1000.0
323755200.0 0.004341548308730125 1000.0
323758800.0 0.004246494732797146 1000.0
323762400.0 0.004161446820944548 1000.0
323766000.0 0.004085096530616283 1000.0
323769600.0 0.004016308579593897 1000.0
323773200.0 0.00395436305552721 1000.0
323776800.0 0.0038981768302619457 1000.0
323780400.0 0.003847092855721712 1000.0
323784000.0 0.0038006778340786695 1000.0
323787600.0 0.0037581382784992456 1000.0
323791200.0 0.0037191996816545725 1000.0
323794800.0 0.003683488816022873 1000.0
323798400.0 0.0036506731994450092 1000.0
323802000.0 0.003619534894824028 1000.0
323805600.0 0.003592927474528551 1000.0
323809200.0 0.0035671626683324575 1000.0
323812800.0 0.0035432835575193167 1000.0
323816400.0 0.0035211367066949606 1000.0
323820000.0 0.0035005558747798204 1000.0
323823600.0 0.0034815010149031878 1000.0
323827200.0 0.0034636680502444506 1000.0
323830800.0 0.003447453724220395 1000.0
323834400.0 0.003431906457990408 1000.0
323838000.0 0.0034173487219959497 1000.0
323841600.0 0.003403716953471303 1000.0
323845200.0 0.0033909217454493046 1000.0
323848800.0 0.0033789086155593395 1000.0
323852400.0 0.003367617493495345 1000.0
323856000.0 0.0033569938968867064 1000.0
323859600.0 0.003346987534314394 1000.0
323863200.0 0.003337553236633539 1000.0
323866800.0 0.0033286497928202152 1000.0
323870400.0 0.0033202392514795065 1000.0
323874000.0 0.0033122869208455086 1000.0
323877600.0 0.003304761601611972 1000.0
323881200.0 0.003297633957117796 1000.0
323884800.0 0.0032908758148550987 1000.0
323888400.0 0.0032844829838722944 1000.0
323892000.0 0.0032784068025648594 1000.0
323895600.0 0.0032726237550377846 1000.0
323899200.0 0.003267124528065324 1000.0
323902800.0 0.0032618921250104904 1000.0
323906400.0 0.003256910014897585 1000.0
323910000.0 0.0032521632965654135 1000.0
323913600.0 0.0032476368360221386 1000.0
323917200.0 0.0032433182932436466 1000.0
323920800.0 0.0032391955610364676 1000.0
323924400.0 0.0032352572306990623 1000.0
323928000.0 0.0032314930576831102 1000.0
323931600.0 0.0032278932631015778 1000.0
323935200.0 0.0032244485337287188 1000.0
323938800.0 0.0032211504876613617 1000.0
323942400.0 0.0032179185654968023 1000.0
323946000.0 0.003214961849153042 1000.0
323949600.0 0.003212060546502471 1000.0
323953200.0 0.003209274960681796 1000.0
323956800.0 0.003206601133570075 1000.0
323960400.0 0.00320403347723186 1000.0
323964000.0 0.0032015666365623474 1000.0
323967600.0 0.0031991952564567327 1000.0
323971200.0 0.0031969151459634304 1000.0
323974800.0 0.0031947214156389236 1000.0
323978400.0 0.003192610340192914 1000.0
323982000.0 0.003190577495843172 1000.0
323985600.0 0.003188619390130043 1000.0
323989200.0 0.003186732530593872 1000.0
323992800.0 0.0031849138904362917 1000.0
323996400.0 0.0031831597443670034 1000.0
324000000.0 0.0031814677640795708 1000.0
324003600.0 0.0031798346899449825 1000.0
324007200.0 0.003178258193656802 1000.0
324010800.0 0.0031767357140779495 1000.0
324014400.0 0.003175264922901988 1000.0
324018000.0 0.0031738432589918375 1000.0
324021600.0 0.003172469325363636 1000.0
324025200.0 0.0031711403280496597 1000.0
324028800.0 0.0031698548700660467 1000.0
324032400.0 0.0031686110887676477 1000.0
324036000.0 0.0031674145720899105 1000.0
324039600.0 0.0031662210822105408 1000.0
324043200.0 0.0031651118770241737 1000.0
324046800.0 0.003164018504321575 1000.0
324050400.0 0.0031629586592316628 1000.0
324054000.0 0.0031619311776012182 1000.0
324057600.0 0.0031609348952770233 1000.0
324061200.0 0.003159968415275216 1000.0
324064800.0 0.0031590310391038656 1000.0
324068400.0 0.00315812136977911 1000.0
324072000.0 0.0031572384759783745 1000.0
324075600.0 0.003156381193548441 1000.0
324079200.0 0.0031555488239973783 1000.0
324082800.0 0.0031547402031719685 1000.0
324086400.0 0.0031539546325802803 1000.0
324090000.0 0.0031531909480690956 1000.0
324093600.0 0.0031524489168077707 1000.0
324097200.0 0.0031517273746430874 1000.0
324100800.0 0.0031510256230831146 1000.0
324104400.0 0.0031503429636359215 1000.0
324108000.0 0.0031496789306402206 1000.0
324111600.0 0.003149032825604081 1000.0
324115200.0 0.003148403950035572 1000.0
324118800.0 0.0031477916054427624 1000.0
324122400.0 0.003147195326164365 1000.0
324126000.0 0.003146614646539092 1000.0
324129600.0 0.003146049100905657 1000.0
324133200.0 0.003145497990772128 1000.0
324136800.0 0.0031449608504772186 1000.0
324140400.0 0.0031444374471902847 1000.0
324144000.0 0.003143927315250039 1000.0
324147600.0 0.0031434297561645508 1000.0
324151200.0 0.003142944537103176 1000.0
324154800.0 0.003142471192404628 1000.0
324158400.0 0.003142009722068906 1000.0
324162000.0 0.0031415591947734356 1000.0
324165600.0 0.003141119610518217 1000.0
324169200.0 0.003140690503641963 1000.0
324172800.0 0.24155603349208832 1000.0
324176400.0 0.24155603349208832 1000.0
324180000.0 0.24155603349208832 1000.0
324183600.0 0.24155603349208832 1000.0
324187200.0 0.24155603349208832 1000.0
324190800.0 0.24155603349208832 1000.0
324194400.0 0.24155603349208832 1000.0
324198000.0 0.24155603349208832 1000.0
324201600.0 0.24155603349208832 1000.0
324205200.0 0.24155603349208832 1000.0
324208800.0 0.24155603349208832 1000.0
324212400.0 0.24155603349208832 1000.0
324216000.0 0.24155603349208832 1000.0
324219600.0 0.24155603349208832 1000.0
324223200.0 0.24155603349208832 1000.0
324226800.0 0.24155603349208832 1000.0
324230400.0 0.24155603349208832 1000.0
324234000.0 0.24155603349208832 1000.0
324237600.0 0.24155603349208832 1000.0
324241200.0 0.24155603349208832 1000.0
324244800.0 0.24155603349208832 1000.0
324248400.0 0.24155603349208832 1000.0
324252000.0 0.24155603349208832 1000.0
324255600.0 0.24155603349208832 1000.0
324259200.0 0.24155603349208832 1000.0
324262800.0 0.24155603349208832 1000.0
324266400.0 0.24155603349208832 1000.0
324270000.0 0.24155603349208832 1000.0
324273600.0 0.24155603349208832 1000.0
324277200.0 0.24155603349208832 1000.0
324280800.0 0.24155603349208832 1000.0
324284400.0 0.24155603349208832 1000.0
324288000.0 0.24155603349208832 1000.0
324291600.0 0.24155603349208832 1000.0
324295200.0 0.24155603349208832 1000.0
324298800.0 0.24155603349208832 1000.0
324302400.0 0.24155603349208832 1000.0
324306000.0 0.24155603349208832 1000.0
324309600.0 0.24155603349208832 1000.0
324313200.0 0.24155603349208832 1000.0
324316800.0 0.24155603349208832 1000.0
324320400.0 0.24155603349208832 1000.0
324324000.0 0.24155603349208832 1000.0
324327600.0 0.24155603349208832 1000.0
324331200.0 0.24155603349208832 1000.0
324334800.0 0.24155603349208832 1000.0
324338400.0 0.24155603349208832 1000.0
324342000.0 0.24155603349208832 1000.0
324345600.0 0.24155603349208832 1000.0
324349200.0 0.24155603349208832 1000.0
324352800.0 0.24155603349208832 1000.0
324356400.0 0.24155603349208832 1000.0
324360000.0 0.24155603349208832 1000.0
324363600.0 0.24155603349208832 1000.0
324367200.0 0.24155603349208832 1000.0
324370800.0 0.24155603349208832 1000.0
324374400.0 0.24155603349208832 1000.0
324378000.0 0.21495258808135986 1000.0
324381600.0 0.1887063831090927 1000.0
324385200.0 0.16729897260665894 1000.0
324388800.0 0.14978130161762238 1000.0
324392400.0 0.13517245650291443 1000.0
324396000.0 0.12301097065210342 1000.0
324399600.0 0.11288344115018845 1000.0
324403200.0 0.10444969683885574 1000.0
324406800.0 0.09748529642820358 1000.0
324410400.0 0.09182337671518326 1000.0
324414000.0 0.0873475968837738 1000.0
324417600.0 0.08399537205696106 1000.0
324421200.0 0.08183011412620544 1000.0
324424800.0 0.08115998655557632 1000.0
324428400.0 0.07921915501356125 1000.0
324432000.0 0.07484983652830124 1000.0
324435600.0 0.057744406163692474 1000.0
324439200.0 0.04188823327422142 1000.0
324442800.0 0.029793379828333855 1000.0
324446400.0 0.02041604369878769 1000.0
324450000.0 0.013597146607935429 1000.0
324453600.0 0.008868147619068623 1000.0
324457200.0 0.0061227306723594666 1000.0
324460800.0 0.004417876247316599 1000.0
324464400.0 0.004025460686534643 1000.0
324468000.0 0.0039565167389810085 1000.0
324471600.0 0.0039000236429274082 1000.0
324475200.0 0.0038487666752189398 1000.0
324478800.0 0.003802201710641384 1000.0
324482400.0 0.003759543877094984 1000.0
324486000.0 0.0037204911932349205 1000.0
324489600.0 0.0036846776492893696 1000.0
324493200.0 0.0036517702974379063 1000.0
324496800.0 0.003620363771915436 1000.0
324500400.0 0.0035938620567321777 1000.0
324504000.0 0.0035680325236171484 1000.0
324507600.0 0.0035440914798527956 1000.0
324511200.0 0.0035218882840126753 1000.0
324514800.0 0.003501251805573702 1000.0
324518400.0 0.003482153872027993 1000.0
324522000.0 0.0034642743412405252 1000.0
324525600.0 0.0034480178728699684 1000.0
324529200.0 0.0034324685111641884 1000.0
324532800.0 0.0034178525675088167 1000.0
324536400.0 0.0034041879698634148 1000.0
324540000.0 0.003391364123672247 1000.0
324543600.0 0.0033793249167501926 1000.0
324547200.0 0.0033680095802992582 1000.0
324550800.0 0.003357363399118185 1000.0
324554400.0 0.003347336081787944 1000.0
324558000.0 0.0033378824591636658 1000.0
324561600.0 0.0033289610873907804 1000.0
324565200.0 0.003320533549413085 1000.0
324568800.0 0.003312565851956606 1000.0
324572400.0 0.003305025864392519 1000.0
324576000.0 0.003297884715721011 1000.0
324579600.0 0.0032911153975874186 1000.0
324583200.0 0.0032847104594111443 1000.0
324586800.0 0.003278621705248952 1000.0
324590400.0 0.0032728281803429127 1000.0
324594000.0 0.0032673191744834185 1000.0
324597600.0 0.0032620769925415516 1000.0
324601200.0 0.003257086733356118 1000.0
324604800.0 0.003252331865951419 1000.0
324608400.0 0.0032477977219969034 1000.0
324612000.0 0.003243471961468458 1000.0
324615600.0 0.003239342477172613 1000.0
324619200.0 0.0032353978604078293 1000.0
324622800.0 0.003231627633795142 1000.0
324626400.0 0.0032280217856168747 1000.0
324630000.0 0.0032245717011392117 1000.0
324633600.0 0.003221268532797694 1000.0
324637200.0 0.003218042431399226 1000.0
324640800.0 0.003215070813894272 1000.0
324644400.0 0.003212164854630828 1000.0
324648000.0 0.0032093750778585672 1000.0
324651600.0 0.003206697292625904 1000.0
324655200.0 0.0032041259109973907 1000.0
324658800.0 0.0032016553450375795 1000.0
324662400.0 0.0031992807053029537 1000.0
324666000.0 0.0031969973351806402 1000.0
324669600.0 0.003194800578057766 1000.0
324673200.0 0.003192686475813389 1000.0
324676800.0 0.003190650837495923 1000.0
324680400.0 0.003188690170645714 1000.0
324684000.0 0.0031868009828031063 1000.0
324687600.0 0.003184979548677802 1000.0
324691200.0 0.24155603349208832 1000.0
324694800.0 0.24155603349208832 1000.0
324698400.0 0.24155603349208832 1000.0
324702000.0 0.24155603349208832 1000.0
324705600.0 0.24155603349208832 1000.0
324709200.0 0.24155603349208832 1000.0
324712800.0 0.24155603349208832 1000.0
324716400.0 0.24155603349208832 1000.0
324720000.0 0.24155603349208832 1000.0
324723600.0 0.24155603349208832 1000.0
324727200.0 0.24155603349208832 1000.0
324730800.0 0.24155603349208832 1000.0
324734400.0 0.24155603349208832 1000.0
324738000.0 0.24155603349208832 1000.0
324741600.0 0.24155603349208832 1000.0
324745200.0 0.24155603349208832 1000.0
324748800.0 0.24155603349208832 1000.0
324752400.0 0.24155603349208832 1000.0
324756000.0 0.24155603349208832 1000.0
324759600.0 0.24155603349208832 1000.0
324763200.0 0.24155603349208832 1000.0
324766800.0 0.24155603349208832 1000.0
324770400.0 0.24155603349208832 1000.0
324774000.0 0.24155603349208832 1000.0
324777600.0 0.24155603349208832 1000.0
324781200.0 0.24155603349208832 1000.0
324784800.0 0.24155603349208832 1000.0
324788400.0 0.24155603349208832 1000.0
324792000.0 0.24155603349208832 1000.0
324795600.0 0.24155603349208832 1000.0
324799200.0 0.24155603349208832 1000.0
324802800.0 0.24155603349208832 1000.0
324806400.0 0.2231241762638092 1000.0
324810000.0 0.19516825675964355 1000.0
324813600.0 0.17237171530723572 1000.0
324817200.0 0.15411829948425293 1000.0
324820800.0 0.138778418302536 1000.0
324824400.0 0.12601323425769806 1000.0
324828000.0 0.11537592858076096 1000.0
324831600.0 0.10652502626180649 1000.0
324835200.0 0.09919240325689316 1000.0
324838800.0 0.09320151060819626 1000.0
324842400.0 0.08842110633850098 1000.0
324846000.0 0.0847729742527008 1000.0
324849600.0 0.0822872593998909 1000.0
324853200.0 0.0811910629272461 1000.0
324856800.0 0.07962862402200699 1000.0
324860400.0 0.07310532033443451 1000.0
324864000.0 0.05599439889192581 1000.0
324867600.0 0.040670618414878845 1000.0
324871200.0 0.028566747903823853 1000.0
324874800.0 0.019406311213970184 1000.0
324878400.0 0.012778669595718384 1000.0
324882000.0 0.00836133398115635 1000.0
324885600.0 0.005812704097479582 1000.0
324889200.0 0.004316509235650301 1000.0
324892800.0 0.00408196309581399 1000.0
324896400.0 0.004010679665952921 1000.0
324900000.0 0.003949189092963934 1000.0
324903600.0 0.0038935113698244095 1000.0
324907200.0 0.0038428264670073986 1000.0
324910800.0 0.003796790260821581 1000.0
324914400.0 0.0037545885425060987 1000.0
324918000.0 0.0037159505300223827 1000.0
324921600.0 0.0036805090494453907 1000.0
324925200.0 0.003647934179753065 1000.0
324928800.0 0.003617378883063793 1000.0
324932400.0 0.0035906045231968164 1000.0
324936000.0 0.0035650087520480156 1000.0
324939600.0 0.003541288897395134 1000.0
324943200.0 0.0035192864015698433 1000.0
324946800.0 0.003498854348435998 1000.0
324950400.0 0.003479901934042573 1000.0
324954000.0 0.003462189808487892 1000.0
324957600.0 0.0034460725728422403 1000.0
324961200.0 0.003430664073675871 1000.0
324964800.0 0.0034161366056650877 1000.0
324968400.0 0.003402576083317399 1000.0
324972000.0 0.0033898516558110714 1000.0
324975600.0 0.003377903951331973 1000.0
324979200.0 0.003366673132404685 1000.0
324982800.0 0.0033561051823198795 1000.0
324986400.0 0.0033461505081504583 1000.0
324990000.0 0.0033367639407515526 1000.0
324993600.0 0.003327904734760523 1000.0
324997200.0 0.003319535404443741 1000.0
325000800.0 0.003311621490865946 1000.0
325004400.0 0.003304131794720888 1000.0
325008000.0 0.0032970374450087547 1000.0
325011600.0 0.003290311200544238 1000.0
325015200.0 0.0032839509658515453 1000.0
325018800.0 0.0032778973691165447 1000.0
325022400.0 0.0032721394672989845 1000.0
325026000.0 0.00326666422188282 1000.0
325029600.0 0.003261454403400421 1000.0
325033200.0 0.003256493015214801 1000.0
325036800.0 0.0032517658546566963 1000.0
325040400.0 0.00324725778773427 1000.0
325044000.0 0.003242956707254052 1000.0
325047600.0 0.003238850273191929 1000.0
325051200.0 0.0032349275425076485 1000.0
325054800.0 0.003231177804991603 1000.0
325058400.0 0.003227591747418046 1000.0
325062000.0 0.0032241600565612316 1000.0
325065600.0 0.0032208741176873446 1000.0
325069200.0 0.003217684803530574 1000.0
325072800.0 0.0032147092279046774 1000.0
325076400.0 0.0032118174713104963 1000.0
325080000.0 0.003209041664376855 1000.0
325083600.0 0.00320637715049088 1000.0
325087200.0 0.003203818341717124 1000.0
325090800.0 0.0032013598829507828 1000.0
325094400.0 0.003198996651917696 1000.0
325098000.0 0.0031967239920049906 1000.0
325101600.0 0.0031945377122610807 1000.0
325105200.0 0.003192433388903737 1000.0
325108800.0 0.0031904070638120174 1000.0
325112400.0 0.003188455244526267 1000.0
325116000.0 0.003186574438586831 1000.0
325119600.0 0.0031847613863646984 1000.0
325123200.0 0.003183012828230858 1000.0
325126800.0 0.003181325737386942 1000.0
325130400.0 0.003179697785526514 1000.0
325134000.0 0.0031781259458512068 1000.0
325137600.0 0.003176608122885227 1000.0
325141200.0 0.0031751415226608515 1000.0
325144800.0 0.0031737242825329304 1000.0
325148400.0 0.0031723540741950274 1000.0
325152000.0 0.003171029035001993 1000.0
325155600.0 0.003169747069478035 1000.0
325159200.0 0.003168506780639291 1000.0
325162800.0 0.003167398739606142 1000.0
325166400.0 0.0031661323737353086 1000.0
325170000.0 0.0031650173477828503 1000.0
325173600.0 0.003163927001878619 1000.0
325177200.0 0.003162869717925787 1000.0
325180800.0 0.0031618450302630663 1000.0
325184400.0 0.0031608513090759516 1000.0
325188000.0 0.0031598873902112246 1000.0
325191600.0 0.0031589525751769543 1000.0
325195200.0 0.003158045234158635 1000.0
325198800.0 0.0031571644358336926 1000.0
325202400.0 0.0031563094817101955 1000.0
325206000.0 0.003155478974804282 1000.0
325209600.0 0.003154672449454665 1000.0
325213200.0 0.0031538887415081263 1000.0
325216800.0 0.003153126919642091 1000.0
325220400.0 0.003152386751025915 1000.0
325224000.0 0.0031516668386757374 1000.0
325227600.0 0.00315096671693027 1000.0
325231200.0 0.0031502859201282263 1000.0
325234800.0 0.0031496232841163874 1000.0
325238400.0 0.00314897857606411 1000.0
325242000.0 0.0031483510974794626 1000.0
325245600.0 0.003147740149870515 1000.0
325249200.0 0.0031471452675759792 1000.0
325252800.0 0.0031465659849345684 1000.0
325256400.0 0.0031460016034543514 1000.0
325260000.0 0.003145451657474041 1000.0
325263600.0 0.0031449159141629934 1000.0
325267200.0 0.003144393675029278 1000.0
325270800.0 0.003143884474411607 1000.0
325274400.0 0.0031433880794793367 1000.0
325278000.0 0.0031429037917405367 1000.0
325281600.0 0.0031424316111952066 1000.0
325285200.0 0.0031419708393514156 1000.0
325288800.0 0.00314152124337852 1000.0
325292400.0 0.003141082590445876 1000.0
325296000.0 0.22986538708209991 1000.0
325299600.0 0.24155603349208832 1000.0
325303200.0 0.24155603349208832 1000.0
325306800.0 0.24155603349208832 1000.0
325310400.0 0.24155603349208832 1000.0
325314000.0 0.24155603349208832 1000.0
325317600.0 0.24155603349208832 1000.0
325321200.0 0.24155603349208832 1000.0
325324800.0 0.24155603349208832 1000.0
325328400.0 0.24155603349208832 1000.0
325332000.0 0.24155603349208832 1000.0
325335600.0 0.24155603349208832 1000.0
325339200.0 0.24155603349208832 1000.0
325342800.0 0.24155603349208832 1000.0
325346400.0 0.24155603349208832 1000.0
325350000.0 0.24155603349208832 1000.0
325353600.0 0.24155603349208832 1000.0
325357200.0 0.24155603349208832 1000.0
325360800.0 0.24155603349208832 1000.0
325364400.0 0.24155603349208832 1000.0
325368000.0 0.24155603349208832 1000.0
325371600.0 0.24155603349208832 1000.0
325375200.0 0.24155603349208832 1000.0
325378800.0 0.24155603349208832 1000.0
325382400.0 0.24155603349208832 1000.0
325386000.0 0.24155603349208832 1000.0
325389600.0 0.24155603349208832 1000.0
325393200.0 0.24155603349208832 1000.0
325396800.0 0.24155603349208832 1000.0
325400400.0 0.24155603349208832 1000.0
325404000.0 0.24155603349208832 1000.0
325407600.0 0.24155603349208832 1000.0
325411200.0 0.24155603349208832 1000.0
325414800.0 0.24155603349208832 1000.0
325418400.0 0.24155603349208832 1000.0
325422000.0 0.24155603349208832 1000.0
325425600.0 0.24155603349208832 1000.0
325429200.0 0.24155603349208832 1000.0
325432800.0 0.24155603349208832 1000.0
325436400.0 0.24155603349208832 1000.0
325440000.0 0.24155603349208832 1000.0
325443600.0 0.24155603349208832 1000.0
325447200.0 0.24155603349208832 1000.0
325450800.0 0.24155603349208832 1000.0
325454400.0 0.24155603349208832 1000.0
325458000.0 0.24155603349208832 1000.0
325461600.0 0.24155603349208832 1000.0
325465200.0 0.24155603349208832 1000.0
325468800.0 0.24155603349208832 1000.0
325472400.0 0.24155603349208832 1000.0
325476000.0 0.24155603349208832 1000.0
325479600.0 0.24155603349208832 1000.0
325483200.0 0.24155603349208832 1000.0
325486800.0 0.24155603349208832 1000.0
325490400.0 0.24155603349208832 1000.0
325494000.0 0.24155603349208832 1000.0
325497600.0 0.24155603349208832 1000.0
325501200.0 0.24155603349208832 1000.0
325504800.0 0.24155603349208832 1000.0
325508400.0 0.24155603349208832 1000.0
325512000.0 0.24155603349208832 1000.0
325515600.0 0.24155603349208832 1000.0
325519200.0 0.24155603349208832 1000.0
325522800.0 0.24155603349208832 1000.0
325526400.0 0.24155603349208832 1000.0
325530000.0 0.24155603349208832 1000.0
325533600.0 0.24155603349208832 1000.0
325537200.0 0.24155603349208832 1000.0
325540800.0 0.24155603349208832 1000.0
325544400.0 0.24155603349208832 1000.0
325548000.0 0.24155603349208832 1000.0
325551600.0 0.24155603349208832 1000.0
325555200.0 0.24155603349208832 1000.0
325558800.0 0.24155603349208832 1000.0
325562400.0 0.24155603349208832 1000.0
325566000.0 0.24155603349208832 1000.0
325569600.0 0.24155603349208832 1000.0
325573200.0 0.24155603349208832 1000.0
325576800.0 0.24155603349208832 1000.0
325580400.0 0.24155603349208832 1000.0
325584000.0 0.24155603349208832 1000.0
325587600.0 0.24155603349208832 1000.0
325591200.0 0.24155603349208832 1000.0
325594800.0 0.24155603349208832 1000.0
325598400.0 0.24155603349208832 1000.0
325602000.0 0.24155603349208832 1000.0
325605600.0 0.24155603349208832 1000.0
325609200.0 0.24155603349208832 1000.0
325612800.0 0.24155603349208832 1000.0
325616400.0 0.24155603349208832 1000.0
325620000.0 0.24155603349208832 1000.0
325623600.0 0.24155603349208832 1000.0
325627200.0 0.24155603349208832 1000.0
325630800.0 0.24155603349208832 1000.0
325634400.0 0.24155603349208832 1000.0
325638000.0 0.24155603349208832 1000.0
325641600.0 0.24155603349208832 1000.0
325645200.0 0.24155603349208832 1000.0
325648800.0 0.24155603349208832 1000.0
325652400.0 0.24155603349208832 1000.0
325656000.0 0.24155603349208832 1000.0
325659600.0 0.24155603349208832 1000.0
325663200.0 0.24155603349208832 1000.0
325666800.0 0.24155603349208832 1000.0
325670400.0 0.24155603349208832 1000.0
325674000.0 0.24155603349208832 1000.0
325677600.0 0.24155603349208832 1000.0
325681200.0 0.24155603349208832 1000.0
325684800.0 0.24155603349208832 1000.0
325688400.0 0.24155603349208832 1000.0
325692000.0 0.24155603349208832 1000.0
325695600.0 0.24155603349208832 1000.0
325699200.0 0.24155603349208832 1000.0
325702800.0 0.24155603349208832 1000.0
325706400.0 0.24155603349208832 1000.0
325710000.0 0.24155603349208832 1000.0
325713600.0 0.24155603349208832 1000.0
325717200.0 0.24155603349208832 1000.0
325720800.0 0.24155603349208832 1000.0
325724400.0 0.24155603349208832 1000.0
325728000.0 0.20108720660209656 1000.0
325731600.0 0.16845929622650146 1000.0
325735200.0 0.14757834374904633 1000.0
325738800.0 0.13178321719169617 1000.0
325742400.0 0.11940519511699677 1000.0
325746000.0 0.10945393145084381 1000.0
325749600.0 0.10139520466327667 1000.0
325753200.0 0.09488871693611145 1000.0
325756800.0 0.08971963822841644 1000.0
325760400.0 0.08578009903430939 1000.0
325764000.0 0.08304222673177719 1000.0
325767600.0 0.0815758928656578 1000.0
325771200.0 0.07783820480108261 1000.0
325774800.0 0.06104240193963051 1000.0
325778400.0 0.04478742927312851 1000.0
325782000.0 0.03190051019191742 1000.0
325785600.0 0.021932115778326988 1000.0
325789200.0 0.014863941818475723 1000.0
325792800.0 0.010011089034378529 1000.0
325796400.0 0.007250125054270029 1000.0
325800000.0 0.005632869433611631 1000.0
325803600.0 0.005253790412098169 1000.0
325807200.0 0.005047259386628866 1000.0
325810800.0 0.004870830103754997 1000.0
325814400.0 0.004664435051381588 1000.0
325818000.0 0.004459136165678501 1000.0
325821600.0 0.004332101903855801 1000.0
325825200.0 0.004224077332764864 1000.0
325828800.0 0.004127934575080872 1000.0
325832400.0 0.004041955806314945 1000.0
325836000.0 0.003964967560023069 1000.0
325839600.0 0.0038956301286816597 1000.0
325843200.0 0.0038331507239490747 1000.0
325846800.0 0.00377631769515574 1000.0
325850400.0 0.003724664216861129 1000.0
325854000.0 0.003677632426843047 1000.0
325857600.0 0.003629240905866027 1000.0
325861200.0 0.003595848334953189 1000.0
325864800.0 0.00355992978438735 1000.0
325868400.0 0.003526820335537195 1000.0
325872000.0 0.003496440127491951 1000.0
325875600.0 0.0034684028942137957 1000.0
325879200.0 0.0034429701045155525 1000.0
325882800.0 0.0034189524594694376 1000.0
325886400.0 0.003396612126380205 1000.0
325890000.0 0.003375848988071084 1000.0
325893600.0 0.0033565342891961336 1000.0
325897200.0 0.00333854160271585 1000.0
325900800.0 0.0033217566087841988 1000.0
325904400.0 0.003306083381175995 1000.0
325908000.0 0.003291445318609476 1000.0
325911600.0 0.0032777334563434124 1000.0
325915200.0 0.0032648532651364803 1000.0
325918800.0 0.003252763068303466 1000.0
325922400.0 0.003241398837417364 1000.0
325926000.0 0.0032307589426636696 1000.0
325929600.0 0.0032206287141889334 1000.0
325933200.0 0.0032111485488712788 1000.0
325936800.0 0.0032021913211792707 1000.0
325940400.0 0.0031937304884195328 1000.0
325944000.0 0.003185731591656804 1000.0
325947600.0 0.003178101032972336 1000.0
325951200.0 0.0031709899194538593 1000.0
325954800.0 0.0031642012763768435 1000.0
325958400.0 0.0031577562913298607 1000.0
325962000.0 0.003151637502014637 1000.0
325965600.0 0.003145824419334531 1000.0
325969200.0 0.0031402972526848316 1000.0
325972800.0 0.0031350385397672653 1000.0
325976400.0 0.003130031516775489 1000.0
325980000.0 0.0031252610497176647 1000.0
325983600.0 0.00312071293592453 1000.0
325987200.0 0.25641798973083496 1000.0
325990800.0 0.24155603349208832 1000.0
325994400.0 0.24155603349208832 1000.0
325998000.0 0.24155603349208832 1000.0
326001600.0 0.24155603349208832 1000.0
326005200.0 0.24155603349208832 1000.0
326008800.0 0.24155603349208832 1000.0
326012400.0 0.24155603349208832 1000.0
326016000.0 0.24155603349208832 1000.0
326019600.0 0.24155603349208832 1000.0
326023200.0 0.24155603349208832 1000.0
326026800.0 0.24155603349208832 1000.0
326030400.0 0.24155603349208832 1000.0
326034000.0 0.24155603349208832 1000.0
326037600.0 0.24155603349208832 1000.0
326041200.0 0.24155603349208832 1000.0
326044800.0 0.24155603349208832 1000.0
326048400.0 0.24155603349208832 1000.0
326052000.0 0.24155603349208832 1000.0
326055600.0 0.24155603349208832 1000.0
326059200.0 0.24155603349208832 1000.0
326062800.0 0.24155603349208832 1000.0
326066400.0 0.24155603349208832 1000.0
326070000.0 0.24155603349208832 1000.0
326073600.0 0.24155603349208832 1000.0
326077200.0 0.24155603349208832 1000.0
326080800.0 0.24155603349208832 1000.0
326084400.0 0.24155603349208832 1000.0
326088000.0 0.24155603349208832 1000.0
326091600.0 0.24155603349208832 1000.0
326095200.0 0.24155603349208832 1000.0
326098800.0 0.21350190043449402 1000.0
326102400.0 0.18746104836463928 1000.0
326106000.0 0.16624300181865692 1000.0
326109600.0 0.1488555669784546 1000.0
326113200.0 0.13438208401203156 1000.0
326116800.0 0.12234088033437729 1000.0
326120400.0 0.11231771856546402 1000.0
326124000.0 0.10397658497095108 1000.0
326127600.0 0.0970970168709755 1000.0
326131200.0 0.09151389449834824 1000.0
326134800.0 0.0871141105890274 1000.0
326138400.0 0.08383991569280624 1000.0
326142000.0 0.08176495134830475 1000.0
326145600.0 0.08154439181089401 1000.0
326149200.0 0.0741417184472084 1000.0
326152800.0 0.05744604021310806 1000.0
326156400.0 0.04168638959527016 1000.0
326160000.0 0.05615602061152458 1000.0
326163600.0 0.10021032392978668 1000.0
326167200.0 0.10852622985839844 1000.0
326170800.0 0.11258966475725174 1000.0
326174400.0 0.11448656767606735 1000.0
326178000.0 0.11533202230930328 1000.0
326181600.0 0.11570218205451965 1000.0
326185200.0 0.11586304754018784 1000.0
326188800.0 0.11593271791934967 1000.0
326192400.0 0.11596284061670303 1000.0
326196000.0 0.11597585678100586 1000.0
326199600.0 0.11598148196935654 1000.0
326203200.0 0.11598391085863113 1000.0
326206800.0 0.1159849613904953 1000.0
326210400.0 0.11598541587591171 1000.0
326214000.0 0.11598560959100723 1000.0
326217600.0 0.1159856915473938 1000.0
326221200.0 0.11598572880029678 1000.0
326224800.0 0.11598574370145798 1000.0
326228400.0 0.11598575115203857 1000.0
326232000.0 0.11598575860261917 1000.0
326235600.0 0.11598575860261917 1000.0
326239200.0 0.11598575860261917 1000.0
326242800.0 0.11598575860261917 1000.0
326246400.0 0.10035261511802673 1000.0
326250000.0 0.08235864341259003 1000.0
326253600.0 0.0640752986073494 1000.0
326257200.0 0.0446692556142807 1000.0
326260800.0 0.03378240019083023 1000.0
326264400.0 0.0264242235571146 1000.0
326268000.0 0.02131265588104725 1000.0
326271600.0 0.017610518261790276 1000.0
326275200.0 0.014884534291923046 1000.0
326278800.0 0.01280334684997797 1000.0
326282400.0 0.011212682351469994 1000.0
326286000.0 0.00993629265576601 1000.0
326289600.0 0.008953415788710117 1000.0
326293200.0 0.008130861446261406 1000.0
326296800.0 0.007455567829310894 1000.0
326300400.0 0.006900669541209936 1000.0
326304000.0 0.006437035743147135 1000.0
326307600.0 0.006061018910259008 1000.0
326311200.0 0.00572899030521512 1000.0
326314800.0 0.005443516653031111 1000.0
326318400.0 0.005197165533900261 1000.0
326322000.0 0.004984324797987938 1000.0
326325600.0 0.004799352493137121 1000.0
326329200.0 0.004637535195797682 1000.0
326332800.0 0.004496197681874037 1000.0
326336400.0 0.004370096139609814 1000.0
326340000.0 0.004257993772625923 1000.0
326343600.0 0.0041581797413527966 1000.0
326347200.0 0.004069022834300995 1000.0
326350800.0 0.0039891935884952545 1000.0
326354400.0 0.003917410969734192 1000.0
326358000.0 0.003852874506264925 1000.0
326361600.0 0.0037942638155072927 1000.0
326365200.0 0.003740972140803933 1000.0
326368800.0 0.0036924881860613823 1000.0
326372400.0 0.003648269921541214 1000.0
326376000.0 0.003607978578656912 1000.0
326379600.0 0.003571321489289403 1000.0
326383200.0 0.0035372970160096884 1000.0
326386800.0 0.0035060460213571787 1000.0
326390400.0 0.00347724137827754 1000.0
326394000.0 0.003451059339568019 1000.0
326397600.0 0.003426554147154093 1000.0
326401200.0 0.003403696697205305 1000.0
326404800.0 0.0033824320416897535 1000.0
326408400.0 0.0033626598306000233 1000.0
326412000.0 0.0033442494459450245 1000.0
326415600.0 0.0033270828425884247 1000.0
326419200.0 0.0033110552467405796 1000.0
326422800.0 0.0032960716634988785 1000.0
326426400.0 0.003282093908637762 1000.0
326430000.0 0.003268942702561617 1000.0
326433600.0 0.0032566047739237547 1000.0
326437200.0 0.0032450100407004356 1000.0
326440800.0 0.0032341054175049067 1000.0
326444400.0 0.0032237940467894077 1000.0
326448000.0 0.0032141655683517456 1000.0
326451600.0 0.003205040004104376 1000.0
326455200.0 0.003196421544998884 1000.0
326458800.0 0.0031882761977612972 1000.0
326462400.0 0.0031806244514882565 1000.0
326466000.0 0.0031732539646327496 1000.0
326469600.0 0.0031663633417338133 1000.0
326473200.0 0.0031598079949617386 1000.0
326476800.0 0.003153585596010089 1000.0
326480400.0 0.003147675422951579 1000.0
326484000.0 0.003142057452350855 1000.0
326487600.0 0.0031367135234177113 1000.0
326491200.0 0.003131626406684518 1000.0
326494800.0 0.003126780968159437 1000.0
326498400.0 0.0031221620738506317 1000.0
326502000.0 0.003117756685242057 1000.0
326505600.0 0.0031135519966483116 1000.0
326509200.0 0.0031095368321985006 1000.0
326512800.0 0.003105699783191085 1000.0
326516400.0 0.0031020313035696745 1000.0
326520000.0 0.003098521614447236 1000.0
326523600.0 0.003095162333920598 1000.0
326527200.0 0.003091945080086589 1000.0
326530800.0 0.003088862169533968 1000.0
326534400.0 0.0030859066173434258 1000.0
326538000.0 0.0030830716714262962 1000.0
326541600.0 0.0030803512781858444 1000.0
326545200.0 0.0030777391511946917 1000.0
326548800.0 0.0030752301681786776 1000.0
326552400.0 0.0030728187412023544 1000.0
326556000.0 0.003070500213652849 1000.0
326559600.0 0.0030682720243930817 1000.0
326563200.0 0.0030661262571811676 1000.0
326566800.0 0.0030640605837106705 1000.0
326570400.0 0.003062071278691292 1000.0
326574000.0 0.003060154616832733 1000.0
326577600.0 0.0030583073385059834 1000.0
326581200.0 0.0030565261840820312 1000.0
326584800.0 0.003054808359593153 1000.0
326588400.0 0.0030531506054103374 1000.0
326592000.0 0.0030515503603965044 1000.0
326595600.0 0.0030500052962452173 1000.0
326599200.0 0.003048512851819396 1000.0
326602800.0 0.003047070698812604 1000.0
326606400.0 0.0030456767417490482 1000.0
326610000.0 0.003044328885152936 1000.0
326613600.0 0.003043025266379118 1000.0
326617200.0 0.0030417637899518013 1000.0
326620800.0 0.0030405432917177677 1000.0
326624400.0 0.0030393614433705807 1000.0
326628000.0 0.003038217080757022 1000.0
326631600.0 0.003037108341231942 1000.0
326635200.0 0.003036034293472767 1000.0
326638800.0 0.0030349930748343468 1000.0
326642400.0 0.0030339837539941072 1000.0
326646000.0 0.0030330049339681864 1000.0
326649600.0 0.003032055450603366 1000.0
326653200.0 0.0030311341397464275 1000.0
326656800.0 0.0030302400700747967 1000.0
326660400.0 0.003029372077435255 1000.0
326664000.0 0.003028529230505228 1000.0
326667600.0 0.003027710597962141 1000.0
326671200.0 0.0030269152484834194 1000.0
326674800.0 0.0030261424835771322 1000.0
326678400.0 0.003025391371920705 1000.0
326682000.0 0.0030246612150222063 1000.0
326685600.0 0.003023951081559062 1000.0
326689200.0 0.0030232605058699846 1000.0
326692800.0 0.003022588789463043 1000.0
326696400.0 0.0030219354666769505 1000.0
326700000.0 0.0030212989076972008 1000.0
326703600.0 0.003020679811015725 1000.0
326707200.0 0.0030200770124793053 1000.0
326710800.0 0.00301948981359601 1000.0
326714400.0 0.0030189177487045527 1000.0
326718000.0 0.003018360584974289 1000.0
326721600.0 0.003017817623913288 1000.0
326725200.0 0.0030172886326909065 1000.0
326728800.0 0.0030167726799845695 1000.0
326732400.0 0.003016269998624921 1000.0
326736000.0 0.003015779657289386 1000.0
326739600.0 0.0030153014231473207 1000.0
326743200.0 0.0030148348305374384 1000.0
326746800.0 0.003014379646629095 1000.0
326750400.0 0.0030139354057610035 1000.0
326754000.0 0.00301350187510252 1000.0
326757600.0 0.003013078821823001 1000.0
326761200.0 0.0030126655474305153 1000.0
326764800.0 0.0745873898267746 1000.0
326768400.0 0.15125373005867004 1000.0
326772000.0 0.17235729098320007 1000.0
326775600.0 0.18487992882728577 1000.0
326779200.0 0.19457978010177612 1000.0
326782800.0 0.20398776233196259 1000.0
326786400.0 0.2134850174188614 1000.0
326790000.0 0.22305117547512054 1000.0
326793600.0 0.23246517777442932 1000.0
326797200.0 0.2381921410560608 1000.0
326800800.0 0.2473776489496231 1000.0
326804400.0 0.25237953662872314 1000.0
326808000.0 0.2570831775665283 1000.0
326811600.0 0.2613317370414734 1000.0
326815200.0 0.24155603349208832 1000.0
326818800.0 0.24155603349208832 1000.0
326822400.0 0.24155603349208832 1000.0
326826000.0 0.24155603349208832 1000.0
326829600.0 0.24155603349208832 1000.0
326833200.0 0.24155603349208832 1000.0
326836800.0 0.24155603349208832 1000.0
326840400.0 0.24155603349208832 1000.0
326844000.0 0.24155603349208832 1000.0
326847600.0 0.24155603349208832 1000.0
326851200.0 0.24155603349208832 1000.0
326854800.0 0.24155603349208832 1000.0
326858400.0 0.24155603349208832 1000.0
326862000.0 0.24155603349208832 1000.0
326865600.0 0.24155603349208832 1000.0
326869200.0 0.24155603349208832 1000.0
326872800.0 0.24155603349208832 1000.0
326876400.0 0.24155603349208832 1000.0
326880000.0 0.24155603349208832 1000.0
326883600.0 0.24155603349208832 1000.0
326887200.0 0.24155603349208832 1000.0
326890800.0 0.24155603349208832 1000.0
326894400.0 0.24155603349208832 1000.0
326898000.0 0.24155603349208832 1000.0
326901600.0 0.24155603349208832 1000.0
326905200.0 0.24155603349208832 1000.0
326908800.0 0.24155603349208832 1000.0
326912400.0 0.24155603349208832 1000.0
326916000.0 0.24155603349208832 1000.0
326919600.0 0.24155603349208832 1000.0
326923200.0 0.24155603349208832 1000.0
326926800.0 0.24155603349208832 1000.0
326930400.0 0.24155603349208832 1000.0
326934000.0 0.24155603349208832 1000.0
326937600.0 0.24155603349208832 1000.0
326941200.0 0.24155603349208832 1000.0
326944800.0 0.24155603349208832 1000.0
326948400.0 0.24155603349208832 1000.0
326952000.0 0.24155603349208832 1000.0
326955600.0 0.24155603349208832 1000.0
326959200.0 0.24155603349208832 1000.0
326962800.0 0.24155603349208832 1000.0
326966400.0 0.24155603349208832 1000.0
326970000.0 0.24155603349208832 1000.0
326973600.0 0.24155603349208832 1000.0
326977200.0 0.24155603349208832 1000.0
326980800.0 0.24155603349208832 1000.0
326984400.0 0.24155603349208832 1000.0
326988000.0 0.24155603349208832 1000.0
326991600.0 0.24155603349208832 1000.0
326995200.0 0.24155603349208832 1000.0
326998800.0 0.24155603349208832 1000.0
327002400.0 0.24155603349208832 1000.0
327006000.0 0.24155603349208832 1000.0
327009600.0 0.24155603349208832 1000.0
327013200.0 0.24155603349208832 1000.0
327016800.0 0.24155603349208832 1000.0
327020400.0 0.24155603349208832 1000.0
327024000.0 0.24155603349208832 1000.0
327027600.0 0.24155603349208832 1000.0
327031200.0 0.24155603349208832 1000.0
327034800.0 0.24155603349208832 1000.0
327038400.0 0.24155603349208832 1000.0
327042000.0 0.24155603349208832 1000.0
327045600.0 0.24155603349208832 1000.0
327049200.0 0.24155603349208832 1000.0
327052800.0 0.24155603349208832 1000.0
327056400.0 0.24155603349208832 1000.0
327060000.0 0.24155603349208832 1000.0
327063600.0 0.24155603349208832 1000.0
327067200.0 0.24155603349208832 1000.0
327070800.0 0.24155603349208832 1000.0
327074400.0 0.24155603349208832 1000.0
327078000.0 0.24155603349208832 1000.0
327081600.0 0.24155603349208832 1000.0
327085200.0 0.24155603349208832 1000.0
327088800.0 0.24155603349208832 1000.0
327092400.0 0.24155603349208832 1000.0
327096000.0 0.24155603349208832 1000.0
327099600.0 0.24155603349208832 1000.0
327103200.0 0.24155603349208832 1000.0
327106800.0 0.24155603349208832 1000.0
327110400.0 0.24155603349208832 1000.0
327114000.0 0.24155603349208832 1000.0
327117600.0 0.24155603349208832 1000.0
327121200.0 0.24155603349208832 1000.0
327124800.0 0.24155603349208832 1000.0
327128400.0 0.24155603349208832 1000.0
327132000.0 0.24155603349208832 1000.0
327135600.0 0.24155603349208832 1000.0
327139200.0 0.24155603349208832 1000.0
327142800.0 0.21853475272655487 1000.0
327146400.0 0.19163857400417328 1000.0
327150000.0 0.16963285207748413 1000.0
327153600.0 0.15175871551036835 1000.0
327157200.0 0.13681809604167938 1000.0
327160800.0 0.1243850365281105 1000.0
327164400.0 0.11402391642332077 1000.0
327168000.0 0.10540033876895905 1000.0
327171600.0 0.09826622903347015 1000.0
327175200.0 0.09245222061872482 1000.0
327178800.0 0.08783497661352158 1000.0
327182400.0 0.08434362709522247 1000.0
327186000.0 0.08202584087848663 1000.0
327189600.0 0.0811629369854927 1000.0
327193200.0 0.08004967868328094 1000.0
327196800.0 0.07348640263080597 1000.0
327200400.0 0.06083269417285919 1000.0
327204000.0 0.0445343554019928 1000.0
327207600.0 0.03171262890100479 1000.0
327211200.0 0.02190549299120903 1000.0
327214800.0 0.014560083858668804 1000.0
327218400.0 0.009419528767466545 1000.0
327222000.0 0.006447178311645985 1000.0
327225600.0 0.004538368433713913 1000.0
327229200.0 0.003908164333552122 1000.0
327232800.0 0.0038309048395603895 1000.0
327236400.0 0.0037740590050816536 1000.0
327240000.0 0.0037226181011646986 1000.0
327243600.0 0.0036757776979357004 1000.0
327247200.0 0.0036286183167248964 1000.0
327250800.0 0.003594332607463002 1000.0
327254400.0 0.003558526746928692 1000.0
327258000.0 0.003525534411892295 1000.0
327261600.0 0.0034952645655721426 1000.0
327265200.0 0.003467320231720805 1000.0
327268800.0 0.0034420283045619726 1000.0
327272400.0 0.0034180372022092342 1000.0
327276000.0 0.0033957597333937883 1000.0
327279600.0 0.00337505922652781 1000.0
327283200.0 0.003355802036821842 1000.0
327286800.0 0.0033378612715750933 1000.0
327290400.0 0.0033211237750947475 1000.0
327294000.0 0.003305491292849183 1000.0
327297600.0 0.0032909077126532793 1000.0
327301200.0 0.0032772193662822247 1000.0
327304800.0 0.0032643729355186224 1000.0
327308400.0 0.003252312308177352 1000.0
327312000.0 0.0032409760169684887 1000.0
327315600.0 0.0032301817554980516 1000.0
327319200.0 0.0032202620059251785 1000.0
327322800.0 0.0032107976730912924 1000.0
327326400.0 0.0032018607016652822 1000.0
327330000.0 0.0031934187281876802 1000.0
327333600.0 0.0031854372937232256 1000.0
327337200.0 0.0031778058037161827 1000.0
327340800.0 0.0031707303132861853 1000.0
327344400.0 0.0031639528460800648 1000.0
327348000.0 0.0031575208995491266 1000.0
327351600.0 0.0031514144502580166 1000.0
327355200.0 0.0031456127762794495 1000.0
327358800.0 0.0031400963198393583 1000.0
327362400.0 0.003134847618639469 1000.0
327366000.0 0.003129849908873439 1000.0
327369600.0 0.0031250882893800735 1000.0
327373200.0 0.0031205483246594667 1000.0
327376800.0 0.0031162172090262175 1000.0
327380400.0 0.003112082602456212 1000.0
327384000.0 0.0031081330962479115 1000.0
327387600.0 0.003104358445852995 1000.0
327391200.0 0.0031007484067231417 1000.0
327394800.0 0.0030972943641245365 1000.0
327398400.0 0.003093987237662077 1000.0
327402000.0 0.003090819576755166 1000.0
327405600.0 0.0030877834651619196 1000.0
327409200.0 0.0030848723836243153 1000.0
327412800.0 0.003082079580053687 1000.0
327416400.0 0.0030793990008533 1000.0
327420000.0 0.0030768245924264193 1000.0
327423600.0 0.003074351465329528 1000.0
327427200.0 0.0030719719361513853 1000.0
327430800.0 0.00306968973018229 1000.0
327434400.0 0.003067490877583623 1000.0
327438000.0 0.003065374679863453 1000.0
327441600.0 0.0030633369460701942 1000.0
327445200.0 0.003061374183744192 1000.0
327448800.0 0.0030594831332564354 1000.0
327452400.0 0.0030576600693166256 1000.0
327456000.0 0.0030559019651263952 1000.0
327459600.0 0.0030542060267180204 1000.0
327463200.0 0.0030525692272931337 1000.0
327466800.0 0.0030509892385452986 1000.0
327470400.0 0.0030494634993374348 1000.0
327474000.0 0.003047989448532462 1000.0
327477600.0 0.003046564757823944 1000.0
327481200.0 0.003045187797397375 1000.0
327484800.0 0.003043856006115675 1000.0
327488400.0 0.003042567754164338 1000.0
327492000.0 0.003041321411728859 1000.0
327495600.0 0.0030401148833334446 1000.0
327499200.0 0.003038946771994233 1000.0
327502800.0 0.003037815447896719 1000.0
327506400.0 0.0030367192812263966 1000.0
327510000.0 0.0030356571078300476 1000.0
327513600.0 0.00303462753072381 1000.0
327517200.0 0.003033629385754466 1000.0
327520800.0 0.0030326612759381533 1000.0
327524400.0 0.0030317220371216536 1000.0
327528000.0 0.0030308105051517487 1000.0
327531600.0 0.0030299259815365076 1000.0
327535200.0 0.0030290670692920685 1000.0
327538800.0 0.0030282330699265003 1000.0
327542400.0 0.0030274230521172285 1000.0
327546000.0 0.0030266358517110348 1000.0
327549600.0 0.003025871003046632 1000.0
327553200.0 0.003025127574801445 1000.0
327556800.0 0.0030244046356528997 1000.0
327560400.0 0.0030237017199397087 1000.0
327564000.0 0.0030230178963392973 1000.0
327567600.0 0.003022352699190378 1000.0
327571200.0 0.0030217047315090895 1000.0
327574800.0 0.0030210756231099367 1000.0
327578400.0 0.0030204621143639088 1000.0
327582000.0 0.0030198649037629366 1000.0
327585600.0 0.0030192832928150892 1000.0
327589200.0 0.0030187168158590794 1000.0
327592800.0 0.003018164774402976 1000.0
327596400.0 0.0030176269356161356 1000.0
327600000.0 0.003017102601006627 1000.0
327603600.0 0.003016591537743807 1000.0
327607200.0 0.003016093047335744 1000.0
327610800.0 0.0030156071297824383 1000.0
327614400.0 0.003015133086591959 1000.0
327618000.0 0.0030146706849336624 1000.0
327621600.0 0.003014219459146261 1000.0
327625200.0 0.0030137791763991117 1000.0
327628800.0 0.18489298224449158 1000.0
327632400.0 0.24155603349208832 1000.0
327636000.0 0.24155603349208832 1000.0
327639600.0 0.24155603349208832 1000.0
327643200.0 0.24155603349208832 1000.0
327646800.0 0.24155603349208832 1000.0
327650400.0 0.24155603349208832 1000.0
327654000.0 0.24155603349208832 1000.0
327657600.0 0.24155603349208832 1000.0
327661200.0 0.24155603349208832 1000.0
327664800.0 0.24155603349208832 1000.0
327668400.0 0.24155603349208832 1000.0
327672000.0 0.24155603349208832 1000.0
327675600.0 0.24155603349208832 1000.0
327679200.0 0.24155603349208832 1000.0
327682800.0 0.24155603349208832 1000.0
327686400.0 0.24155603349208832 1000.0
327690000.0 0.24155603349208832 1000.0
327693600.0 0.24155603349208832 1000.0
327697200.0 0.24155603349208832 1000.0
327700800.0 0.24155603349208832 1000.0
327704400.0 0.24155603349208832 1000.0
327708000.0 0.24155603349208832 1000.0
327711600.0 0.24155603349208832 1000.0
327715200.0 0.24155603349208832 1000.0
327718800.0 0.24155603349208832 1000.0
327722400.0 0.24155603349208832 1000.0
327726000.0 0.24155603349208832 1000.0
327729600.0 0.24155603349208832 1000.0
327733200.0 0.24155603349208832 1000.0
327736800.0 0.24155603349208832 1000.0
327740400.0 0.24155603349208832 1000.0
327744000.0 0.24155603349208832 1000.0
327747600.0 0.24155603349208832 1000.0
327751200.0 0.24155603349208832 1000.0
327754800.0 0.24155603349208832 1000.0
327758400.0 0.24155603349208832 1000.0
327762000.0 0.24155603349208832 1000.0
327765600.0 0.24155603349208832 1000.0
327769200.0 0.24155603349208832 1000.0
327772800.0 0.24155603349208832 1000.0
327776400.0 0.24155603349208832 1000.0
327780000.0 0.24155603349208832 1000.0
327783600.0 0.24155603349208832 1000.0
327787200.0 0.24155603349208832 1000.0
327790800.0 0.24155603349208832 1000.0
327794400.0 0.24155603349208832 1000.0
327798000.0 0.24155603349208832 1000.0
327801600.0 0.24155603349208832 1000.0
327805200.0 0.24155603349208832 1000.0
327808800.0 0.24155603349208832 1000.0
327812400.0 0.24155603349208832 1000.0
327816000.0 0.24155603349208832 1000.0
327819600.0 0.24155603349208832 1000.0
327823200.0 0.24155603349208832 1000.0
327826800.0 0.24155603349208832 1000.0
327830400.0 0.24155603349208832 1000.0
327834000.0 0.24155603349208832 1000.0
327837600.0 0.24155603349208832 1000.0
327841200.0 0.24155603349208832 1000.0
327844800.0 0.24155603349208832 1000.0
327848400.0 0.24155603349208832 1000.0
327852000.0 0.24155603349208832 1000.0
327855600.0 0.24155603349208832 1000.0
327859200.0 0.24155603349208832 1000.0
327862800.0 0.24155603349208832 1000.0
327866400.0 0.24155603349208832 1000.0
327870000.0 0.24155603349208832 1000.0
327873600.0 0.24155603349208832 1000.0
327877200.0 0.24155603349208832 1000.0
327880800.0 0.24155603349208832 1000.0
327884400.0 0.24155603349208832 1000.0
327888000.0 0.24155603349208832 1000.0
327891600.0 0.24155603349208832 1000.0
327895200.0 0.24155603349208832 1000.0
327898800.0 0.24155603349208832 1000.0
327902400.0 0.24155603349208832 1000.0
327906000.0 0.24155603349208832 1000.0
327909600.0 0.24155603349208832 1000.0
327913200.0 0.2290433943271637 1000.0
327916800.0 0.1991446316242218 1000.0
327920400.0 0.17579832673072815 1000.0
327924000.0 0.15674644708633423 1000.0
327927600.0 0.14095644652843475 1000.0
327931200.0 0.12781676650047302 1000.0
327934800.0 0.11687769740819931 1000.0
327938400.0 0.10776807367801666 1000.0
327942000.0 0.10022017359733582 1000.0
327945600.0 0.0940353125333786 1000.0
327949200.0 0.08907490223646164 1000.0
327952800.0 0.0852602943778038 1000.0
327956400.0 0.08259674161672592 1000.0
327960000.0 0.08124455064535141 1000.0
327963600.0 0.07988206297159195 1000.0
327967200.0 0.07334505766630173 1000.0
327970800.0 0.056304894387722015 1000.0
327974400.0 0.13044027984142303 1000.0
327978000.0 0.19672080874443054 1000.0
327981600.0 0.22778551280498505 1000.0
327985200.0 0.24593152105808258 1000.0
327988800.0 0.2579207718372345 1000.0
327992400.0 0.24155603349208832 1000.0
327996000.0 0.24155603349208832 1000.0
327999600.0 0.24155603349208832 1000.0
328003200.0 0.24155603349208832 1000.0
328006800.0 0.24155603349208832 1000.0
328010400.0 0.24155603349208832 1000.0
328014000.0 0.24155603349208832 1000.0
328017600.0 0.24155603349208832 1000.0
328021200.0 0.24155603349208832 1000.0
328024800.0 0.24155603349208832 1000.0
328028400.0 0.24155603349208832 1000.0
328032000.0 0.24155603349208832 1000.0
328035600.0 0.24155603349208832 1000.0
328039200.0 0.24155603349208832 1000.0
328042800.0 0.24155603349208832 1000.0
328046400.0 0.24155603349208832 1000.0
328050000.0 0.24155603349208832 1000.0
328053600.0 0.24155603349208832 1000.0
328057200.0 0.24155603349208832 1000.0
328060800.0 0.24155603349208832 1000.0
328064400.0 0.24155603349208832 1000.0
328068000.0 0.24072454869747162 1000.0
328071600.0 0.20187537372112274 1000.0
328075200.0 0.17694710195064545 1000.0
328078800.0 0.15712228417396545 1000.0
328082400.0 0.14095439016819 1000.0
328086000.0 0.1276334971189499 1000.0
328089600.0 0.11661859601736069 1000.0
328093200.0 0.10749401152133942 1000.0
328096800.0 0.09996155649423599 1000.0
328100400.0 0.09381505101919174 1000.0
328104000.0 0.08890944719314575 1000.0
328107600.0 0.0851617306470871 1000.0
328111200.0 0.08066433668136597 1000.0
328114800.0 0.06683874130249023 1000.0
328118400.0 0.048721425235271454 1000.0
328122000.0 0.03422534465789795 1000.0
328125600.0 0.023129956796765327 1000.0
328129200.0 0.014802350662648678 1000.0
328132800.0 0.009423949755728245 1000.0
328136400.0 0.006537300534546375 1000.0
328140000.0 0.005184382200241089 1000.0
328143600.0 0.004904376342892647 1000.0
328147200.0 0.004727748688310385 1000.0
328150800.0 0.004575451835989952 1000.0
328154400.0 0.004440655931830406 1000.0
328158000.0 0.004320858046412468 1000.0
328161600.0 0.004214214626699686 1000.0
328165200.0 0.004119148477911949 1000.0
328168800.0 0.004034087527543306 1000.0
328172400.0 0.003957926295697689 1000.0
328176000.0 0.003889314364641905 1000.0
328179600.0 0.0038274116814136505 1000.0
328183200.0 0.0037711183540523052 1000.0
328186800.0 0.0037199424114078283 1000.0
328190400.0 0.003673332976177335 1000.0
328194000.0 0.0036272660363465548 1000.0
328197600.0 0.003592293942347169 1000.0
328201200.0 0.003556635929271579 1000.0
328204800.0 0.003523796098306775 1000.0
328208400.0 0.0034936578013002872 1000.0
328212000.0 0.003465840360149741 1000.0
328215600.0 0.003440672066062689 1000.0
328219200.0 0.0034167547710239887 1000.0
328222800.0 0.0033945683389902115 1000.0
328226400.0 0.0033739502541720867 1000.0
328230000.0 0.003354768268764019 1000.0
328233600.0 0.24155603349208832 1000.0
328237200.0 0.24155603349208832 1000.0
328240800.0 0.24155603349208832 1000.0
328244400.0 0.24155603349208832 1000.0
328248000.0 0.24155603349208832 1000.0
328251600.0 0.24155603349208832 1000.0
328255200.0 0.24155603349208832 1000.0
328258800.0 0.24155603349208832 1000.0
328262400.0 0.24155603349208832 1000.0
328266000.0 0.24155603349208832 1000.0
328269600.0 0.24155603349208832 1000.0
328273200.0 0.24155603349208832 1000.0
328276800.0 0.24155603349208832 1000.0
328280400.0 0.24155603349208832 1000.0
328284000.0 0.24155603349208832 1000.0
328287600.0 0.24155603349208832 1000.0
328291200.0 0.24155603349208832 1000.0
328294800.0 0.24155603349208832 1000.0
328298400.0 0.24155603349208832 1000.0
328302000.0 0.24155603349208832 1000.0
328305600.0 0.24155603349208832 1000.0
328309200.0 0.24155603349208832 1000.0
328312800.0 0.24155603349208832 1000.0
328316400.0 0.24155603349208832 1000.0
328320000.0 0.24155603349208832 1000.0
328323600.0 0.24155603349208832 1000.0
328327200.0 0.24155603349208832 1000.0
328330800.0 0.24155603349208832 1000.0
328334400.0 0.24155603349208832 1000.0
328338000.0 0.24155603349208832 1000.0
328341600.0 0.24155603349208832 1000.0
328345200.0 0.24155603349208832 1000.0
328348800.0 0.24155603349208832 1000.0
328352400.0 0.24155603349208832 1000.0
328356000.0 0.24155603349208832 1000.0
328359600.0 0.24155603349208832 1000.0
328363200.0 0.24155603349208832 1000.0
328366800.0 0.24155603349208832 1000.0
328370400.0 0.24155603349208832 1000.0
328374000.0 0.24155603349208832 1000.0
328377600.0 0.24155603349208832 1000.0
328381200.0 0.24155603349208832 1000.0
328384800.0 0.24155603349208832 1000.0
328388400.0 0.24155603349208832 1000.0
328392000.0 0.24155603349208832 1000.0
328395600.0 0.24155603349208832 1000.0
328399200.0 0.24155603349208832 1000.0
328402800.0 0.24155603349208832 1000.0
328406400.0 0.24155603349208832 1000.0
328410000.0 0.24155603349208832 1000.0
328413600.0 0.24155603349208832 1000.0
328417200.0 0.24155603349208832 1000.0
328420800.0 0.24155603349208832 1000.0
328424400.0 0.24155603349208832 1000.0
328428000.0 0.24155603349208832 1000.0
328431600.0 0.24155603349208832 1000.0
328435200.0 0.24155603349208832 1000.0
328438800.0 0.24155603349208832 1000.0
328442400.0 0.24155603349208832 1000.0
328446000.0 0.24155603349208832 1000.0
328449600.0 0.24155603349208832 1000.0
328453200.0 0.24155603349208832 1000.0
328456800.0 0.24155603349208832 1000.0
328460400.0 0.24155603349208832 1000.0
328464000.0 0.24155603349208832 1000.0
328467600.0 0.24155603349208832 1000.0
328471200.0 0.24155603349208832 1000.0
328474800.0 0.24155603349208832 1000.0
328478400.0 0.24155603349208832 1000.0
328482000.0 0.24155603349208832 1000.0
328485600.0 0.24155603349208832 1000.0
328489200.0 0.24155603349208832 1000.0
328492800.0 0.0 1000.0
