0.0 0.0 1000.0
320716800.0 0.20930331945419312 1000.0
320720400.0 0.24155603349208832 1000.0
320724000.0 0.24155603349208832 1000.0
320727600.0 0.24155603349208832 1000.0
320731200.0 0.24155603349208832 1000.0
320734800.0 0.24155603349208832 1000.0
320738400.0 0.24155603349208832 1000.0
320742000.0 0.24155603349208832 1000.0
320745600.0 0.24155603349208832 1000.0
320749200.0 0.24155603349208832 1000.0
320752800.0 0.24155603349208832 1000.0
320756400.0 0.24155603349208832 1000.0
320760000.0 0.24155603349208832 1000.0
320763600.0 0.24155603349208832 1000.0
320767200.0 0.24155603349208832 1000.0
320770800.0 0.24155603349208832 1000.0
320774400.0 0.24155603349208832 1000.0
320778000.0 0.24155603349208832 1000.0
320781600.0 0.24155603349208832 1000.0
320785200.0 0.24155603349208832 1000.0
320788800.0 0.24155603349208832 1000.0
320792400.0 0.24155603349208832 1000.0
320796000.0 0.24155603349208832 1000.0
320799600.0 0.24155603349208832 1000.0
320803200.0 0.24155603349208832 1000.0
320806800.0 0.24155603349208832 1000.0
320810400.0 0.24155603349208832 1000.0
320814000.0 0.24155603349208832 1000.0
320817600.0 0.24155603349208832 1000.0
320821200.0 0.24155603349208832 1000.0
320824800.0 0.24155603349208832 1000.0
320828400.0 0.24155603349208832 1000.0
320832000.0 0.24155603349208832 1000.0
320835600.0 0.24155603349208832 1000.0
320839200.0 0.24155603349208832 1000.0
320842800.0 0.24155603349208832 1000.0
320846400.0 0.24155603349208832 1000.0
320850000.0 0.24155603349208832 1000.0
320853600.0 0.24155603349208832 1000.0
320857200.0 0.24155603349208832 1000.0
320860800.0 0.24155603349208832 1000.0
320864400.0 0.24155603349208832 1000.0
320868000.0 0.24155603349208832 1000.0
320871600.0 0.24155603349208832 1000.0
320875200.0 0.24155603349208832 1000.0
320878800.0 0.24155603349208832 1000.0
320882400.0 0.24155603349208832 1000.0
320886000.0 0.24155603349208832 1000.0
320889600.0 0.24155603349208832 1000.0
320893200.0 0.24155603349208832 1000.0
320896800.0 0.24155603349208832 1000.0
320900400.0 0.24155603349208832 1000.0
320904000.0 0.24155603349208832 1000.0
320907600.0 0.24155603349208832 1000.0
320911200.0 0.24155603349208832 1000.0
320914800.0 0.24155603349208832 1000.0
320918400.0 0.24155603349208832 1000.0
320922000.0 0.24155603349208832 1000.0
320925600.0 0.24155603349208832 1000.0
320929200.0 0.24155603349208832 1000.0
320932800.0 0.24155603349208832 1000.0
320936400.0 0.24155603349208832 1000.0
320940000.0 0.24155603349208832 1000.0
320943600.0 0.2611742913722992 1000.0
320947200.0 0.23702238500118256 1000.0
320950800.0 0.23327220976352692 1000.0
320954400.0 0.22995200753211975 1000.0
320958000.0 0.22701765596866608 1000.0
320961600.0 0.22439199686050415 1000.0
320965200.0 0.2220555692911148 1000.0
320968800.0 0.21996533870697021 1000.0
320972400.0 0.21808552742004395 1000.0
320976000.0 0.1756257265806198 1000.0
320979600.0 0.1475813239812851 1000.0
320983200.0 0.13016046583652496 1000.0
320986800.0 0.1172715276479721 1000.0
320990400.0 0.10732784122228622 1000.0
320994000.0 0.0994696170091629 1000.0
320997600.0 0.09325124323368073 1000.0
321001200.0 0.08841951191425323 1000.0
321004800.0 0.08484085649251938 1000.0
321008400.0 0.07629131525754929 1000.0
321012000.0 0.05893300473690033 1000.0
321015600.0 0.042646221816539764 1000.0
321019200.0 0.029694939032197 1000.0
321022800.0 0.02008441649377346 1000.0
321026400.0 0.013513359241187572 1000.0
321030000.0 0.009745744988322258 1000.0
321033600.0 0.007773819379508495 1000.0
321037200.0 0.0071735866367816925 1000.0
321040800.0 0.006804952397942543 1000.0
321044400.0 0.006489632651209831 1000.0
321048000.0 0.0062236241064965725 1000.0
321051600.0 0.005999721586704254 1000.0
321055200.0 0.0057966262102127075 1000.0
321058800.0 0.005619494244456291 1000.0
321062400.0 0.005464524962007999 1000.0
321066000.0 0.0053284671157598495 1000.0
321069600.0 0.005207691807299852 1000.0
321073200.0 0.0051003750413656235 1000.0
321076800.0 0.005004782695323229 1000.0
321080400.0 0.004919594153761864 1000.0
321084000.0 0.004842841532081366 1000.0
321087600.0 0.004773554392158985 1000.0
321091200.0 0.004711097106337547 1000.0
321094800.0 0.004654429852962494 1000.0
321098400.0 0.004602994304150343 1000.0
321102000.0 0.004556290339678526 1000.0
321105600.0 0.004513626452535391 1000.0
321109200.0 0.0044745272025465965 1000.0
321112800.0 0.004438700620085001 1000.0
321116400.0 0.004405676387250423 1000.0
321120000.0 0.004375320393592119 1000.0
321123600.0 0.0043472484685480595 1000.0
321127200.0 0.004321304615586996 1000.0
321130800.0 0.004297287203371525 1000.0
321134400.0 0.0042750160209834576 1000.0
321138000.0 0.004254331812262535 1000.0
321141600.0 0.004235091153532267 1000.0
321145200.0 0.004217167850583792 1000.0
321148800.0 0.004200447350740433 1000.0
321152400.0 0.004184828605502844 1000.0
321156000.0 0.004170219413936138 1000.0
321159600.0 0.0041565378196537495 1000.0
321163200.0 0.004143708851188421 1000.0
321166800.0 0.004131666384637356 1000.0
321170400.0 0.004120348487049341 1000.0
321174000.0 0.004109700210392475 1000.0
321177600.0 0.004099671728909016 1000.0
321181200.0 0.004090217407792807 1000.0
321184800.0 0.004081295803189278 1000.0
321188400.0 0.004072868265211582 1000.0
321192000.0 0.004064900800585747 1000.0
321195600.0 0.0040573617443442345 1000.0
321199200.0 0.004050221294164658 1000.0
321202800.0 0.00404345290735364 1000.0
321206400.0 0.0040370323695242405 1000.0
321210000.0 0.004030936863273382 1000.0
321213600.0 0.004025145899504423 1000.0
321217200.0 0.004019639454782009 1000.0
321220800.0 0.0040143998339772224 1000.0
321224400.0 0.004009411204606295 1000.0
321228000.0 0.0040046581998467445 1000.0
321231600.0 0.004000126384198666 1000.0
321235200.0 0.003995802719146013 1000.0
321238800.0 0.003991675563156605 1000.0
321242400.0 0.0039877332746982574 1000.0
321246000.0 0.003983965143561363 1000.0
321249600.0 0.003980361390858889 1000.0
321253200.0 0.003976913634687662 1000.0
321256800.0 0.00397361209616065 1000.0
321260400.0 0.003970449790358543 1000.0
321264000.0 0.003967419266700745 1000.0
321267600.0 0.003964513074606657 1000.0
321271200.0 0.003961725160479546 1000.0
321274800.0 0.003959055058658123 1000.0
321278400.0 0.003956485539674759 1000.0
321282000.0 0.003954016137868166 1000.0
321285600.0 0.003951642662286758 1000.0
321289200.0 0.003949360456317663 1000.0
321292800.0 0.0039471653290092945 1000.0
321296400.0 0.003945052158087492 1000.0
321300000.0 0.0039430176839232445 1000.0
321303600.0 0.0039410581812262535 1000.0
321307200.0 0.003939169924706221 1000.0
321310800.0 0.003937349654734135 1000.0
321314400.0 0.0039355941116809845 1000.0
321318000.0 0.0039339009672403336 1000.0
321321600.0 0.11661174148321152 1000.0
321325200.0 0.19184404611587524 1000.0
321328800.0 0.22221845388412476 1000.0
321332400.0 0.24013321101665497 1000.0
321336000.0 0.2542298138141632 1000.0
321339600.0 0.24155603349208832 1000.0
321343200.0 0.24155603349208832 1000.0
321346800.0 0.24155603349208832 1000.0
321350400.0 0.24155603349208832 1000.0
321354000.0 0.24155603349208832 1000.0
321357600.0 0.24155603349208832 1000.0
321361200.0 0.24155603349208832 1000.0
321364800.0 0.24155603349208832 1000.0
321368400.0 0.24155603349208832 1000.0
321372000.0 0.24155603349208832 1000.0
321375600.0 0.24155603349208832 1000.0
321379200.0 0.24155603349208832 1000.0
321382800.0 0.24155603349208832 1000.0
321386400.0 0.24155603349208832 1000.0
321390000.0 0.24155603349208832 1000.0
321393600.0 0.24155603349208832 1000.0
321397200.0 0.24155603349208832 1000.0
321400800.0 0.24155603349208832 1000.0
321404400.0 0.24155603349208832 1000.0
321408000.0 0.24155603349208832 1000.0
321411600.0 0.24155603349208832 1000.0
321415200.0 0.23952138423919678 1000.0
321418800.0 0.20149309933185577 1000.0
321422400.0 0.17661526799201965 1000.0
321426000.0 0.15684977173805237 1000.0
321429600.0 0.14072756469249725 1000.0
321433200.0 0.12744450569152832 1000.0
321436800.0 0.11646082997322083 1000.0
321440400.0 0.10736364871263504 1000.0
321444000.0 0.09985365718603134 1000.0
321447600.0 0.09372767806053162 1000.0
321451200.0 0.08884136378765106 1000.0
321454800.0 0.08511156588792801 1000.0
321458400.0 0.07738562673330307 1000.0
321462000.0 0.06258904933929443 1000.0
321465600.0 0.045297905802726746 1000.0
321469200.0 0.03175200894474983 1000.0
321472800.0 0.02127489075064659 1000.0
321476400.0 0.013610783964395523 1000.0
321480000.0 0.009028775617480278 1000.0
321483600.0 0.006731738802045584 1000.0
321487200.0 0.005989840719848871 1000.0
321490800.0 0.0057782940566539764 1000.0
321494400.0 0.005603289697319269 1000.0
321498000.0 0.005450435448437929 1000.0
321501600.0 0.005316015332937241 1000.0
321505200.0 0.0051966505125164986 1000.0
321508800.0 0.005090600810945034 1000.0
321512400.0 0.004996202886104584 1000.0
321516000.0 0.004911827854812145 1000.0
321519600.0 0.004835813771933317 1000.0
321523200.0 0.004767215345054865 1000.0
321526800.0 0.004705393221229315 1000.0
321530400.0 0.004649247042834759 1000.0
321534000.0 0.0045983144082129 1000.0
321537600.0 0.004552034195512533 1000.0
321541200.0 0.004509729333221912 1000.0
321544800.0 0.004470942076295614 1000.0
321548400.0 0.004435412120074034 1000.0
321552000.0 0.004402681719511747 1000.0
321555600.0 0.0043725380674004555 1000.0
321559200.0 0.004344680812209845 1000.0
321562800.0 0.004318931605666876 1000.0
321566400.0 0.004295090679079294 1000.0
321570000.0 0.0042729792185127735 1000.0
321573600.0 0.004252439830452204 1000.0
321577200.0 0.004233331419527531 1000.0
321580800.0 0.004215527325868607 1000.0
321584400.0 0.0041989171877503395 1000.0
321588000.0 0.004183399025350809 1000.0
321591600.0 0.004168882500380278 1000.0
321595200.0 0.004155285656452179 1000.0
321598800.0 0.0041425349190831184 1000.0
321602400.0 0.004130563698709011 1000.0
321606000.0 0.0041193123906850815 1000.0
321609600.0 0.00410872558131814 1000.0
321613200.0 0.004098753910511732 1000.0
321616800.0 0.004089352209120989 1000.0
321620400.0 0.00408047903329134 1000.0
321624000.0 0.004072097130119801 1000.0
321627600.0 0.004064171575009823 1000.0
321631200.0 0.004056671634316444 1000.0
321634800.0 0.0040495675057172775 1000.0
321638400.0 0.00404283357784152 1000.0
321642000.0 0.004036444704979658 1000.0
321645600.0 0.0040303790010511875 1000.0
321649200.0 0.00402461551129818 1000.0
321652800.0 0.004019135143607855 1000.0
321656400.0 0.0040139202028512955 1000.0
321660000.0 0.004008954390883446 1000.0
321663600.0 0.004004223272204399 1000.0
321667200.0 0.003999711479991674 1000.0
321670800.0 0.003995406907051802 1000.0
321674400.0 0.003991297446191311 1000.0
321678000.0 0.003987371921539307 1000.0
321681600.0 0.003983620088547468 1000.0
321685200.0 0.0039800312370061874 1000.0
321688800.0 0.00397659745067358 1000.0
321692400.0 0.0039733098819851875 1000.0
321696000.0 0.003970160149037838 1000.0
321699600.0 0.003967141732573509 1000.0
321703200.0 0.003964246716350317 1000.0
321706800.0 0.003961468581110239 1000.0
321710400.0 0.003958810120820999 1000.0
321714000.0 0.003956249915063381 1000.0
321717600.0 0.003953789826482534 1000.0
321721200.0 0.003951425198465586 1000.0
321724800.0 0.003949151374399662 1000.0
321728400.0 0.003946964163333178 1000.0
321732000.0 0.003944858442991972 1000.0
321735600.0 0.003942831419408321 1000.0
321739200.0 0.003940878435969353 1000.0
321742800.0 0.003938996698707342 1000.0
321746400.0 0.003937182482331991 1000.0
321750000.0 0.003935433458536863 1000.0
321753600.0 0.003933745436370373 1000.0
321757200.0 0.00393211655318737 1000.0
321760800.0 0.003930544015020132 1000.0
321764400.0 0.0039290254935622215 1000.0
321768000.0 0.003927558660507202 1000.0
321771600.0 0.00392614072188735 1000.0
321775200.0 0.003924769815057516 1000.0
321778800.0 0.003923444077372551 1000.0
321782400.0 0.0039221616461873055 1000.0
321786000.0 0.003920921124517918 1000.0
321789600.0 0.003919719718396664 1000.0
321793200.0 0.003918556962162256 1000.0
321796800.0 0.003917430527508259 1000.0
321800400.0 0.0039163390174508095 1000.0
321804000.0 0.003915281500667334 1000.0
321807600.0 0.003914256580173969 1000.0
321811200.0 0.003913262393325567 1000.0
321814800.0 0.00391229847446084 1000.0
321818400.0 0.003911362960934639 1000.0
321822000.0 0.003910455387085676 1000.0
321825600.0 0.00390957435593009 1000.0
321829200.0 0.003908719401806593 1000.0
321832800.0 0.003907888662070036 1000.0
321836400.0 0.003907081671059132 1000.0
321840000.0 0.003906297497451305 1000.0
321843600.0 0.0039055359084159136 1000.0
321847200.0 0.0039047952741384506 1000.0
321850800.0 0.003904075128957629 1000.0
321854400.0 0.003903375007212162 1000.0
321858000.0 0.0039026939775794744 1000.0
321861600.0 0.003902031108736992 1000.0
321865200.0 0.0039013864006847143 1000.0
321868800.0 0.0039007586892694235 1000.0
321872400.0 0.003900147508829832 1000.0
321876000.0 0.0038995526265352964 1000.0
321879600.0 0.003898973111063242 1000.0
321883200.0 0.0038984084967523813 1000.0
321886800.0 0.003897858550772071 1000.0
321890400.0 0.0038973225746303797 1000.0
321894000.0 0.0038968001026660204 1000.0
321897600.0 0.0038962909020483494 1000.0
321901200.0 0.0038957942742854357 1000.0
321904800.0 0.0038953099865466356 1000.0
321908400.0 0.003894837573170662 1000.0
321912000.0 0.003894376801326871 1000.0
321915600.0 0.0038939272053539753 1000.0
321919200.0 0.0038934885524213314 1000.0
321922800.0 0.0038930601440370083 1000.0
321926400.0 0.003892641980201006 1000.0
321930000.0 0.0038922338280826807 1000.0
321933600.0 0.0038918352220207453 1000.0
321937200.0 0.0038914456963539124 1000.0
321940800.0 0.003891065251082182 1000.0
321944400.0 0.0038906936533749104 1000.0
321948000.0 0.003890330670401454 1000.0
321951600.0 0.003889975603669882 1000.0
321955200.0 0.0038896286860108376 1000.0
321958800.0 0.0038892896845936775 1000.0
321962400.0 0.0038889581337571144 1000.0
321966000.0 0.0038886338006705046 1000.0
321969600.0 0.003888316685333848 1000.0
321973200.0 0.003888006554916501 1000.0
321976800.0 0.00388770317658782 1000.0
321980400.0 0.0038874060846865177 1000.0
321984000.0 0.0038871155120432377 1000.0
321987600.0 0.0038868312258273363 1000.0
321991200.0 0.00388655299320817 1000.0
321994800.0 0.0038862803485244513 1000.0
321998400.0 0.0038860137574374676 1000.0
322002000.0 0.003885752521455288 1000.0
322005600.0 0.0038854966405779123 1000.0
322009200.0 0.0038852461148053408 1000.0
322012800.0 0.0038850007113069296 1000.0
322016400.0 0.003884760197252035 1000.0
322020000.0 0.0038845245726406574 1000.0
322023600.0 0.003884293604642153 1000.0
322027200.0 0.003884067526087165 1000.0
322030800.0 0.0038838456384837627 1000.0
322034400.0 0.0038836284074932337 1000.0
322038000.0 0.0038834151346236467 1000.0
322041600.0 0.003883206285536289 1000.0
322045200.0 0.003883001394569874 1000.0
322048800.0 0.0038828004617244005 1000.0
322052400.0 0.0038826032541692257 1000.0
322056000.0 0.003882410004734993 1000.0
322059600.0 0.0038822204805910587 1000.0
322063200.0 0.0038820344489067793 1000.0
322066800.0 0.003881851676851511 1000.0
322070400.0 0.003881672630086541 1000.0
322074000.0 0.0038814968429505825 1000.0
322077600.0 0.003881324315443635 1000.0
322081200.0 0.003881154814735055 1000.0
322084800.0 0.003880988573655486 1000.0
322088400.0 0.0038808253593742847 1000.0
322092000.0 0.0038806649390608072 1000.0
322095600.0 0.003880507545545697 1000.0
322099200.0 0.12785786390304565 1000.0
322102800.0 0.2079816609621048 1000.0
322106400.0 0.2388937920331955 1000.0
322110000.0 0.2568007707595825 1000.0
322113600.0 0.24155603349208832 1000.0
322117200.0 0.24155603349208832 1000.0
322120800.0 0.24155603349208832 1000.0
322124400.0 0.24155603349208832 1000.0
322128000.0 0.24155603349208832 1000.0
322131600.0 0.24155603349208832 1000.0
322135200.0 0.24155603349208832 1000.0
322138800.0 0.24155603349208832 1000.0
322142400.0 0.24155603349208832 1000.0
322146000.0 0.24155603349208832 1000.0
322149600.0 0.24155603349208832 1000.0
322153200.0 0.24155603349208832 1000.0
322156800.0 0.24155603349208832 1000.0
322160400.0 0.24155603349208832 1000.0
322164000.0 0.24155603349208832 1000.0
322167600.0 0.24155603349208832 1000.0
322171200.0 0.24155603349208832 1000.0
322174800.0 0.24155603349208832 1000.0
322178400.0 0.24155603349208832 1000.0
322182000.0 0.24155603349208832 1000.0
322185600.0 0.24155603349208832 1000.0
322189200.0 0.24155603349208832 1000.0
322192800.0 0.24155603349208832 1000.0
322196400.0 0.24155603349208832 1000.0
322200000.0 0.24155603349208832 1000.0
322203600.0 0.24155603349208832 1000.0
322207200.0 0.24155603349208832 1000.0
322210800.0 0.24155603349208832 1000.0
322214400.0 0.24155603349208832 1000.0
322218000.0 0.24155603349208832 1000.0
322221600.0 0.24155603349208832 1000.0
322225200.0 0.24155603349208832 1000.0
322228800.0 0.24155603349208832 1000.0
322232400.0 0.24155603349208832 1000.0
322236000.0 0.24155603349208832 1000.0
322239600.0 0.24155603349208832 1000.0
322243200.0 0.24155603349208832 1000.0
322246800.0 0.24155603349208832 1000.0
322250400.0 0.24155603349208832 1000.0
322254000.0 0.24155603349208832 1000.0
322257600.0 0.24155603349208832 1000.0
322261200.0 0.24155603349208832 1000.0
322264800.0 0.24155603349208832 1000.0
322268400.0 0.24155603349208832 1000.0
322272000.0 0.24155603349208832 1000.0
322275600.0 0.24155603349208832 1000.0
322279200.0 0.24155603349208832 1000.0
322282800.0 0.24155603349208832 1000.0
322286400.0 0.24155603349208832 1000.0
322290000.0 0.24155603349208832 1000.0
322293600.0 0.24155603349208832 1000.0
322297200.0 0.24155603349208832 1000.0
322300800.0 0.24155603349208832 1000.0
322304400.0 0.24155603349208832 1000.0
322308000.0 0.24155603349208832 1000.0
322311600.0 0.24155603349208832 1000.0
322315200.0 0.24155603349208832 1000.0
322318800.0 0.24155603349208832 1000.0
322322400.0 0.24155603349208832 1000.0
322326000.0 0.24296794831752777 1000.0
322329600.0 0.22873437404632568 1000.0
322333200.0 0.21691064536571503 1000.0
322336800.0 0.20680467784404755 1000.0
322340400.0 0.19807228446006775 1000.0
322344000.0 0.19047677516937256 1000.0
322347600.0 0.1838275045156479 1000.0
322351200.0 0.17798154056072235 1000.0
322354800.0 0.17282484471797943 1000.0
322358400.0 0.145425483584404 1000.0
322362000.0 0.1266072690486908 1000.0
322365600.0 0.11361731588840485 1000.0
322369200.0 0.10400207340717316 1000.0
322372800.0 0.0966179296374321 1000.0
322376400.0 0.09092393517494202 1000.0
322380000.0 0.08664291352033615 1000.0
322383600.0 0.08366108685731888 1000.0
322387200.0 0.08212566375732422 1000.0
322390800.0 0.07803584635257721 1000.0
322394400.0 0.06490164995193481 1000.0
322398000.0 0.048064809292554855 1000.0
322401600.0 0.034466538578271866 1000.0
322405200.0 0.024264706298708916 1000.0
322408800.0 0.016839198768138885 1000.0
322412400.0 0.011780140921473503 1000.0
322416000.0 0.008842813782393932 1000.0
322419600.0 0.007047652266919613 1000.0
322423200.0 0.006589407566934824 1000.0
322426800.0 0.006304263137280941 1000.0
322430400.0 0.006071785464882851 1000.0
322434000.0 0.005860143341124058 1000.0
322437600.0 0.005674868822097778 1000.0
322441200.0 0.005512859206646681 1000.0
322444800.0 0.0053708418272435665 1000.0
322448400.0 0.005245628766715527 1000.0
322452000.0 0.00513398228213191 1000.0
322455600.0 0.005034889094531536 1000.0
322459200.0 0.004946473054587841 1000.0
322462800.0 0.004867019131779671 1000.0
322466400.0 0.0047953566536307335 1000.0
322470000.0 0.004730717279016972 1000.0
322473600.0 0.0046722907572984695 1000.0
322477200.0 0.00461914949119091 1000.0
322480800.0 0.004571044351905584 1000.0
322484400.0 0.004527110606431961 1000.0
322488000.0 0.004486896097660065 1000.0
322491600.0 0.0044500259682536125 1000.0
322495200.0 0.004416108597069979 1000.0
322498800.0 0.004384930711239576 1000.0
322502400.0 0.004356123507022858 1000.0
322506000.0 0.004329509101808071 1000.0
322509600.0 0.004304884932935238 1000.0
322513200.0 0.00428206380456686 1000.0
322516800.0 0.004260879009962082 1000.0
322520400.0 0.004241183400154114 1000.0
322524000.0 0.00422284472733736 1000.0
322527600.0 0.004205744713544846 1000.0
322531200.0 0.004189778119325638 1000.0
322534800.0 0.004174849949777126 1000.0
322538400.0 0.004160875454545021 1000.0
322542000.0 0.004147777333855629 1000.0
322545600.0 0.004135486204177141 1000.0
322549200.0 0.004123938735574484 1000.0
322552800.0 0.00411307904869318 1000.0
322556400.0 0.004102854523807764 1000.0
322560000.0 0.004093218594789505 1000.0
322563600.0 0.004084128420799971 1000.0
322567200.0 0.00407554442062974 1000.0
322570800.0 0.004067431669682264 1000.0
322574400.0 0.004059756640344858 1000.0
322578000.0 0.004052489995956421 1000.0
322581600.0 0.004045603796839714 1000.0
322585200.0 0.00403907336294651 1000.0
322588800.0 0.00403287447988987 1000.0
322592400.0 0.004026987124234438 1000.0
322596000.0 0.004021389875560999 1000.0
322599600.0 0.0040160659700632095 1000.0
322603200.0 0.004010997712612152 1000.0
322606800.0 0.004006170202046633 1000.0
322610400.0 0.00400156807154417 1000.0
322614000.0 0.003997178748250008 1000.0
322617600.0 0.0039929891936481 1000.0
322621200.0 0.0039889877662062645 1000.0
322624800.0 0.003985164221376181 1000.0
322628400.0 0.003981508780270815 1000.0
322632000.0 0.0039780111983418465 1000.0
322635600.0 0.003974663093686104 1000.0
322639200.0 0.00397145701572299 1000.0
322642800.0 0.003968384582549334 1000.0
322646400.0 0.003965438809245825 1000.0
322650000.0 0.0039626131765544415 1000.0
322653600.0 0.003959905821830034 1000.0
322657200.0 0.003957304172217846 1000.0
322660800.0 0.003954803105443716 1000.0
322664400.0 0.003952398896217346 1000.0
322668000.0 0.003950087819248438 1000.0
322671600.0 0.003947864752262831 1000.0
322675200.0 0.003945725504308939 1000.0
322678800.0 0.003943666350096464 1000.0
322682400.0 0.003941682633012533 1000.0
322686000.0 0.003939771559089422 1000.0
322689600.0 0.00393792986869812 1000.0
322693200.0 0.003936153836548328 1000.0
322696800.0 0.003934440668672323 1000.0
322700400.0 0.003932787571102381 1000.0
322704000.0 0.0039311922155320644 1000.0
322707600.0 0.003929651342332363 1000.0
322711200.0 0.003928163088858128 1000.0
322714800.0 0.003926724661141634 1000.0
322718400.0 0.00392533466219902 1000.0
322722000.0 0.003923990298062563 1000.0
322725600.0 0.0039226901717484 1000.0
322729200.0 0.0039214324206113815 1000.0
322732800.0 0.003920214716345072 1000.0
322736400.0 0.003919036127626896 1000.0
322740000.0 0.003917894791811705 1000.0
322743600.0 0.003916788846254349 1000.0
322747200.0 0.003915717359632254 1000.0
322750800.0 0.003914678934961557 1000.0
322754400.0 0.003913672175258398 1000.0
322758000.0 0.003912695683538914 1000.0
322761600.0 0.00391174852848053 1000.0
322765200.0 0.003910829778760672 1000.0
322768800.0 0.00390993757173419 1000.0
322772400.0 0.003909071907401085 1000.0
322776000.0 0.003908230923116207 1000.0
322779600.0 0.003907414153218269 1000.0
322783200.0 0.003906620666384697 1000.0
322786800.0 0.003905849764123559 1000.0
322790400.0 0.24155603349208832 1000.0
322794000.0 0.24155603349208832 1000.0
322797600.0 0.24155603349208832 1000.0
322801200.0 0.24155603349208832 1000.0
322804800.0 0.24155603349208832 1000.0
322808400.0 0.24155603349208832 1000.0
322812000.0 0.24155603349208832 1000.0
322815600.0 0.24155603349208832 1000.0
322819200.0 0.24155603349208832 1000.0
322822800.0 0.24155603349208832 1000.0
322826400.0 0.24155603349208832 1000.0
322830000.0 0.24155603349208832 1000.0
322833600.0 0.24155603349208832 1000.0
322837200.0 0.24155603349208832 1000.0
322840800.0 0.24155603349208832 1000.0
322844400.0 0.24155603349208832 1000.0
322848000.0 0.24155603349208832 1000.0
322851600.0 0.24155603349208832 1000.0
322855200.0 0.24155603349208832 1000.0
322858800.0 0.24155603349208832 1000.0
322862400.0 0.24155603349208832 1000.0
322866000.0 0.24155603349208832 1000.0
322869600.0 0.24155603349208832 1000.0
322873200.0 0.24155603349208832 1000.0
322876800.0 0.24155603349208832 1000.0
322880400.0 0.24155603349208832 1000.0
322884000.0 0.24155603349208832 1000.0
322887600.0 0.24155603349208832 1000.0
322891200.0 0.24155603349208832 1000.0
322894800.0 0.24155603349208832 1000.0
322898400.0 0.24155603349208832 1000.0
322902000.0 0.24155603349208832 1000.0
322905600.0 0.24155603349208832 1000.0
322909200.0 0.24155603349208832 1000.0
322912800.0 0.24155603349208832 1000.0
322916400.0 0.24155603349208832 1000.0
322920000.0 0.24155603349208832 1000.0
322923600.0 0.24155603349208832 1000.0
322927200.0 0.24155603349208832 1000.0
322930800.0 0.24155603349208832 1000.0
322934400.0 0.23514996469020844 1000.0
322938000.0 0.2220522165298462 1000.0
322941600.0 0.2112143635749817 1000.0
322945200.0 0.20189402997493744 1000.0
322948800.0 0.19381026923656464 1000.0
322952400.0 0.18675009906291962 1000.0
322956000.0 0.18055519461631775 1000.0
322959600.0 0.17509570717811584 1000.0
322963200.0 0.14736606180667877 1000.0
322966800.0 0.12819842994213104 1000.0
322970400.0 0.11493919044733047 1000.0
322974000.0 0.10509848594665527 1000.0
322977600.0 0.09750872850418091 1000.0
322981200.0 0.09162718802690506 1000.0
322984800.0 0.0871659368276596 1000.0
322988400.0 0.08399539440870285 1000.0
322992000.0 0.0822080597281456 1000.0
322995600.0 0.08015796542167664 1000.0
322999200.0 0.07112697511911392 1000.0
323002800.0 0.05254117026925087 1000.0
323006400.0 0.03818343207240105 1000.0
323010000.0 0.027057388797402382 1000.0
323013600.0 0.01890149526298046 1000.0
323017200.0 0.013041726313531399 1000.0
323020800.0 0.00957442820072174 1000.0
323024400.0 0.007391644641757011 1000.0
323028000.0 0.0065950206480920315 1000.0
323031600.0 0.006304324138909578 1000.0
323035200.0 0.006071786396205425 1000.0
323038800.0 0.005860143341124058 1000.0
323042400.0 0.005674868822097778 1000.0
323046000.0 0.005512859206646681 1000.0
323049600.0 0.005370842292904854 1000.0
323053200.0 0.005245628766715527 1000.0
323056800.0 0.00513398228213191 1000.0
323060400.0 0.005034889094531536 1000.0
323064000.0 0.004946473054587841 1000.0
323067600.0 0.004867019131779671 1000.0
323071200.0 0.0047953566536307335 1000.0
323074800.0 0.004730717279016972 1000.0
323078400.0 0.0046722907572984695 1000.0
323082000.0 0.00461914949119091 1000.0
323085600.0 0.004571044351905584 1000.0
323089200.0 0.004527110606431961 1000.0
323092800.0 0.004486896097660065 1000.0
323096400.0 0.0044500259682536125 1000.0
323100000.0 0.004416108597069979 1000.0
323103600.0 0.004384930711239576 1000.0
323107200.0 0.004356123507022858 1000.0
323110800.0 0.004329509101808071 1000.0
323114400.0 0.004304884932935238 1000.0
323118000.0 0.00428206380456686 1000.0
323121600.0 0.004260879009962082 1000.0
323125200.0 0.004241183400154114 1000.0
323128800.0 0.00422284472733736 1000.0
323132400.0 0.004205744713544846 1000.0
323136000.0 0.004189778119325638 1000.0
323139600.0 0.004174849949777126 1000.0
323143200.0 0.004160875454545021 1000.0
323146800.0 0.004147777333855629 1000.0
323150400.0 0.004135486204177141 1000.0
323154000.0 0.004123938735574484 1000.0
323157600.0 0.00411307904869318 1000.0
323161200.0 0.004102854523807764 1000.0
323164800.0 0.004093218594789505 1000.0
323168400.0 0.004084128420799971 1000.0
323172000.0 0.00407554442062974 1000.0
323175600.0 0.004067431669682264 1000.0
323179200.0 0.004059756640344858 1000.0
323182800.0 0.004052489995956421 1000.0
323186400.0 0.004045603796839714 1000.0
323190000.0 0.00403907336294651 1000.0
323193600.0 0.00403287447988987 1000.0
323197200.0 0.004026987124234438 1000.0
323200800.0 0.004021389875560999 1000.0
323204400.0 0.0040160659700632095 1000.0
323208000.0 0.004010997712612152 1000.0
323211600.0 0.004006170202046633 1000.0
323215200.0 0.00400156807154417 1000.0
323218800.0 0.003997178748250008 1000.0
323222400.0 0.0039929891936481 1000.0
323226000.0 0.0039889877662062645 1000.0
323229600.0 0.003985164221376181 1000.0
323233200.0 0.003981508780270815 1000.0
323236800.0 0.0039780111983418465 1000.0
323240400.0 0.003974663093686104 1000.0
323244000.0 0.00397145701572299 1000.0
323247600.0 0.003968384582549334 1000.0
323251200.0 0.003965438809245825 1000.0
323254800.0 0.0039626131765544415 1000.0
323258400.0 0.003959905821830034 1000.0
323262000.0 0.003957304172217846 1000.0
323265600.0 0.003954803105443716 1000.0
323269200.0 0.003952398896217346 1000.0
323272800.0 0.003950087819248438 1000.0
323276400.0 0.003947864752262831 1000.0
323280000.0 0.003945725504308939 1000.0
323283600.0 0.003943666350096464 1000.0
323287200.0 0.003941682633012533 1000.0
323290800.0 0.003939771559089422 1000.0
323294400.0 0.00393792986869812 1000.0
323298000.0 0.003936153836548328 1000.0
323301600.0 0.003934440668672323 1000.0
323305200.0 0.003932787571102381 1000.0
323308800.0 0.0039311922155320644 1000.0
323312400.0 0.003929651342332363 1000.0
323316000.0 0.003928163088858128 1000.0
323319600.0 0.003926724661141634 1000.0
323323200.0 0.00392533466219902 1000.0
323326800.0 0.003923990298062563 1000.0
323330400.0 0.0039226901717484 1000.0
323334000.0 0.0039214324206113815 1000.0
323337600.0 0.003920214716345072 1000.0
323341200.0 0.003919036127626896 1000.0
323344800.0 0.003917894791811705 1000.0
323348400.0 0.003916788846254349 1000.0
323352000.0 0.003915717359632254 1000.0
323355600.0 0.003914678934961557 1000.0
323359200.0 0.003913672175258398 1000.0
323362800.0 0.003912695683538914 1000.0
323366400.0 0.00391174852848053 1000.0
323370000.0 0.003910829778760672 1000.0
323373600.0 0.00390993757173419 1000.0
323377200.0 0.003909071907401085 1000.0
323380800.0 0.003908230923116207 1000.0
323384400.0 0.003907414153218269 1000.0
323388000.0 0.003906620666384697 1000.0
323391600.0 0.003905849764123559 1000.0
323395200.0 0.0035986194852739573 1000.0
323398800.0 0.0032022888772189617 1000.0
323402400.0 0.003153082448989153 1000.0
323406000.0 0.0031506791710853577 1000.0
323409600.0 0.0031499541364610195 1000.0
323413200.0 0.0031492989510297775 1000.0
323416800.0 0.003148662857711315 1000.0
323420400.0 0.0031480437610298395 1000.0
323424000.0 0.0031474409624934196 1000.0
323427600.0 0.0031468537636101246 1000.0
323431200.0 0.0031462819315493107 1000.0
323434800.0 0.0031457250006496906 1000.0
323438400.0 0.00314518203958869 1000.0
323442000.0 0.003144653048366308 1000.0
323445600.0 0.003144137328490615 1000.0
323449200.0 0.003143634647130966 1000.0
323452800.0 0.003143144305795431 1000.0
323456400.0 0.0031426663044840097 1000.0
323460000.0 0.0031421997118741274 1000.0
323463600.0 0.0031417447607964277 1000.0
323467200.0 0.003141300519928336 1000.0
323470800.0 0.0031408672221004963 1000.0
323474400.0 0.003140444168820977 1000.0
323478000.0 0.0031400311272591352 1000.0
323481600.0 0.003139627631753683 1000.0
323485200.0 0.0031392336823046207 1000.0
323488800.0 0.0031388490460813046 1000.0
323492400.0 0.0031384730245918036 1000.0
323496000.0 0.0031381058506667614 1000.0
323499600.0 0.003137746825814247 1000.0
323503200.0 0.0031373961828649044 1000.0
323506800.0 0.0031370532233268023 1000.0
323510400.0 0.0031367179471999407 1000.0
323514000.0 0.003136390121653676 1000.0
323517600.0 0.0031360695138573647 1000.0
323521200.0 0.003135755890980363 1000.0
323524800.0 0.0031354492530226707 1000.0
323528400.0 0.003135149134323001 1000.0
323532000.0 0.0031348555348813534 1000.0
323535600.0 0.003134567989036441 1000.0
323539200.0 0.003134286729618907 1000.0
323542800.0 0.003134011523798108 1000.0
323546400.0 0.003133741905912757 1000.0
323550000.0 0.0031334778759628534 1000.0
323553600.0 0.0031332194339483976 1000.0
323557200.0 0.003132966347038746 1000.0
323560800.0 0.0031327183824032545 1000.0
323564400.0 0.0031324755400419235 1000.0
323568000.0 0.11533227562904358 1000.0
323571600.0 0.19129659235477448 1000.0
323575200.0 0.22158464789390564 1000.0
323578800.0 0.2384258359670639 1000.0
323582400.0 0.25374093651771545 1000.0
323586000.0 0.24155603349208832 1000.0
323589600.0 0.24155603349208832 1000.0
323593200.0 0.24155603349208832 1000.0
323596800.0 0.24155603349208832 1000.0
323600400.0 0.24155603349208832 1000.0
323604000.0 0.24155603349208832 1000.0
323607600.0 0.24155603349208832 1000.0
323611200.0 0.24155603349208832 1000.0
323614800.0 0.24155603349208832 1000.0
323618400.0 0.24155603349208832 1000.0
323622000.0 0.24155603349208832 1000.0
323625600.0 0.24155603349208832 1000.0
323629200.0 0.24155603349208832 1000.0
323632800.0 0.24155603349208832 1000.0
323636400.0 0.24155603349208832 1000.0
323640000.0 0.24155603349208832 1000.0
323643600.0 0.24155603349208832 1000.0
323647200.0 0.24155603349208832 1000.0
323650800.0 0.24155603349208832 1000.0
323654400.0 0.24155603349208832 1000.0
323658000.0 0.24155603349208832 1000.0
323661600.0 0.23871704936027527 1000.0
323665200.0 0.20140871405601501 1000.0
323668800.0 0.17656418681144714 1000.0
323672400.0 0.15680254995822906 1000.0
323676000.0 0.14069266617298126 1000.0
323679600.0 0.12741544842720032 1000.0
323683200.0 0.11643657088279724 1000.0
323686800.0 0.10734358429908752 1000.0
323690400.0 0.0998370572924614 1000.0
323694000.0 0.09371422976255417 1000.0
323697600.0 0.0888308733701706 1000.0
323701200.0 0.085103839635849 1000.0
323704800.0 0.0769057422876358 1000.0
323708400.0 0.06137505918741226 1000.0
323712000.0 0.04445958137512207 1000.0
323715600.0 0.031021295115351677 1000.0
323719200.0 0.020480120554566383 1000.0
323722800.0 0.012941441498696804 1000.0
323726400.0 0.008294363506138325 1000.0
323730000.0 0.006024673115462065 1000.0
323733600.0 0.005244909785687923 1000.0
323737200.0 0.005029019899666309 1000.0
323740800.0 0.004854548256844282 1000.0
323744400.0 0.0047010635025799274 1000.0
323748000.0 0.0045670014806091785 1000.0
323751600.0 0.004447777755558491 1000.0
323755200.0 0.0043414682149887085 1000.0
323758800.0 0.004246423486620188 1000.0
323762400.0 0.0041613830253481865 1000.0
323766000.0 0.004085038788616657 1000.0
323769600.0 0.004016256425529718 1000.0
323773200.0 0.0039543164893984795 1000.0
323776800.0 0.0038981344550848007 1000.0
323780400.0 0.003847053973004222 1000.0
323784000.0 0.003800642443820834 1000.0
323787600.0 0.0037581059150397778 1000.0
323791200.0 0.0037191701121628284 1000.0
323794800.0 0.0036834615748375654 1000.0
323798400.0 0.0036506482865661383 1000.0
323802000.0 0.0036195290740579367 1000.0
323805600.0 0.0035929062869399786 1000.0
323809200.0 0.0035671426448971033 1000.0
323812800.0 0.003543265163898468 1000.0
323816400.0 0.00352111947722733 1000.0
323820000.0 0.003500540042296052 1000.0
323823600.0 0.003481486579403281 1000.0
323827200.0 0.003463653614744544 1000.0
323830800.0 0.003447440452873707 1000.0
323834400.0 0.003431895049288869 1000.0
323838000.0 0.0034173368476331234 1000.0
323841600.0 0.0034037057776004076 1000.0
323845200.0 0.0033909110352396965 1000.0
323848800.0 0.0033788986038416624 1000.0
323852400.0 0.003367608180269599 1000.0
323856000.0 0.0033569850493222475 1000.0
323859600.0 0.0033469791524112225 1000.0
323863200.0 0.0033375455532222986 1000.0
323866800.0 0.0033286423422396183 1000.0
323870400.0 0.003320232266560197 1000.0
323874000.0 0.0033122804015874863 1000.0
323877600.0 0.003304755315184593 1000.0
323881200.0 0.0032976281363517046 1000.0
323884800.0 0.0032908706925809383 1000.0
323888400.0 0.0032844776287674904 1000.0
323892000.0 0.0032784019131213427 1000.0
323895600.0 0.003272618865594268 1000.0
323899200.0 0.0032671201042830944 1000.0
323902800.0 0.003261887701228261 1000.0
323906400.0 0.003256905823945999 1000.0
323910000.0 0.003252159571275115 1000.0
323913600.0 0.0032476328779011965 1000.0
323917200.0 0.003243314567953348 1000.0
323920800.0 0.003239191835746169 1000.0
323924400.0 0.0032352537382394075 1000.0
323928000.0 0.003231489798054099 1000.0
323931600.0 0.0032278900034725666 1000.0
323935200.0 0.0032244455069303513 1000.0
323938800.0 0.003221147693693638 1000.0
323942400.0 0.0032179164700210094 1000.0
323946000.0 0.0032149592880159616 1000.0
323949600.0 0.0032120579853653908 1000.0
323953200.0 0.0032092726323753595 1000.0
323956800.0 0.0032065988052636385 1000.0
323960400.0 0.0032040311489254236 1000.0
323964000.0 0.003201564308255911 1000.0
323967600.0 0.00319919316098094 1000.0
323971200.0 0.0031969130504876375 1000.0
323974800.0 0.0031947195529937744 1000.0
323978400.0 0.0031926084775477648 1000.0
323982000.0 0.003190575633198023 1000.0
323985600.0 0.0031886177603155375 1000.0
323989200.0 0.0031867309007793665 1000.0
323992800.0 0.003184912260621786 1000.0
323996400.0 0.0031831583473831415 1000.0
324000000.0 0.003181466134265065 1000.0
324003600.0 0.003179833060130477 1000.0
324007200.0 0.0031782567966729403 1000.0
324010800.0 0.0031767343170940876 1000.0
324014400.0 0.003175263525918126 1000.0
324018000.0 0.0031738420948386192 1000.0
324021600.0 0.003172467928379774 1000.0
324025200.0 0.0031711391638964415 1000.0
324028800.0 0.0031698537059128284 1000.0
324032400.0 0.0031686099246144295 1000.0
324036000.0 0.0031673982739448547 1000.0
324039600.0 0.00316622038371861 1000.0
324043200.0 0.0031651107128709555 1000.0
324046800.0 0.0031640175729990005 1000.0
324050400.0 0.0031629574950784445 1000.0
324054000.0 0.003161930013448 1000.0
324057600.0 0.0031609339639544487 1000.0
324061200.0 0.003159967716783285 1000.0
324064800.0 0.003159030107781291 1000.0
324068400.0 0.003158120671287179 1000.0
324072000.0 0.0031572377774864435 1000.0
324075600.0 0.00315638049505651 1000.0
324079200.0 0.0031555481255054474 1000.0
324082800.0 0.0031547395046800375 1000.0
324086400.0 0.0031539537012577057 1000.0
324090000.0 0.0031531902495771646 1000.0
324093600.0 0.0031524482183158398 1000.0
324097200.0 0.0031517266761511564 1000.0
324100800.0 0.0031510249245911837 1000.0
324104400.0 0.003150342497974634 1000.0
324108000.0 0.0031496782321482897 1000.0
324111600.0 0.00314903212711215 1000.0
324115200.0 0.003148403251543641 1000.0
324118800.0 0.0031477909069508314 1000.0
324122400.0 0.003147194627672434 1000.0
324126000.0 0.0031466141808778048 1000.0
324129600.0 0.003146048402413726 1000.0
324133200.0 0.003145497292280197 1000.0
324136800.0 0.0031449603848159313 1000.0
324140400.0 0.0031444369815289974 1000.0
324144000.0 0.003143926616758108 1000.0
324147600.0 0.0031434292905032635 1000.0
324151200.0 0.003142944071441889 1000.0
324154800.0 0.0031424707267433405 1000.0
324158400.0 0.0031420092564076185 1000.0
324162000.0 0.0031415587291121483 1000.0
324165600.0 0.0031411191448569298 1000.0
324169200.0 0.0031406900379806757 1000.0
324172800.0 0.24155603349208832 1000.0
324176400.0 0.24155603349208832 1000.0
324180000.0 0.24155603349208832 1000.0
324183600.0 0.24155603349208832 1000.0
324187200.0 0.24155603349208832 1000.0
324190800.0 0.24155603349208832 1000.0
324194400.0 0.24155603349208832 1000.0
324198000.0 0.24155603349208832 1000.0
324201600.0 0.24155603349208832 1000.0
324205200.0 0.24155603349208832 1000.0
324208800.0 0.24155603349208832 1000.0
324212400.0 0.24155603349208832 1000.0
324216000.0 0.24155603349208832 1000.0
324219600.0 0.24155603349208832 1000.0
324223200.0 0.24155603349208832 1000.0
324226800.0 0.24155603349208832 1000.0
324230400.0 0.24155603349208832 1000.0
324234000.0 0.24155603349208832 1000.0
324237600.0 0.24155603349208832 1000.0
324241200.0 0.24155603349208832 1000.0
324244800.0 0.24155603349208832 1000.0
324248400.0 0.24155603349208832 1000.0
324252000.0 0.24155603349208832 1000.0
324255600.0 0.24155603349208832 1000.0
324259200.0 0.24155603349208832 1000.0
324262800.0 0.24155603349208832 1000.0
324266400.0 0.24155603349208832 1000.0
324270000.0 0.24155603349208832 1000.0
324273600.0 0.24155603349208832 1000.0
324277200.0 0.24155603349208832 1000.0
324280800.0 0.24155603349208832 1000.0
324284400.0 0.24155603349208832 1000.0
324288000.0 0.24155603349208832 1000.0
324291600.0 0.24155603349208832 1000.0
324295200.0 0.24155603349208832 1000.0
324298800.0 0.24155603349208832 1000.0
324302400.0 0.24155603349208832 1000.0
324306000.0 0.24155603349208832 1000.0
324309600.0 0.24155603349208832 1000.0
324313200.0 0.24155603349208832 1000.0
324316800.0 0.24155603349208832 1000.0
324320400.0 0.24155603349208832 1000.0
324324000.0 0.24155603349208832 1000.0
324327600.0 0.24155603349208832 1000.0
324331200.0 0.24155603349208832 1000.0
324334800.0 0.24155603349208832 1000.0
324338400.0 0.24155603349208832 1000.0
324342000.0 0.24155603349208832 1000.0
324345600.0 0.24155603349208832 1000.0
324349200.0 0.24155603349208832 1000.0
324352800.0 0.24155603349208832 1000.0
324356400.0 0.24155603349208832 1000.0
324360000.0 0.24155603349208832 1000.0
324363600.0 0.24155603349208832 1000.0
324367200.0 0.24155603349208832 1000.0
324370800.0 0.24155603349208832 1000.0
324374400.0 0.24155603349208832 1000.0
324378000.0 0.21492703258991241 1000.0
324381600.0 0.18871593475341797 1000.0
324385200.0 0.1673230677843094 1000.0
324388800.0 0.14976362884044647 1000.0
324392400.0 0.13516731560230255 1000.0
324396000.0 0.12300660461187363 1000.0
324399600.0 0.11287981271743774 1000.0
324403200.0 0.10444662719964981 1000.0
324406800.0 0.09748275578022003 1000.0
324410400.0 0.09182131290435791 1000.0
324414000.0 0.08734597265720367 1000.0
324417600.0 0.08399418741464615 1000.0
324421200.0 0.08182939141988754 1000.0
324424800.0 0.08115996420383453 1000.0
324428400.0 0.07919707149267197 1000.0
324432000.0 0.07467024773359299 1000.0
324435600.0 0.05771633982658386 1000.0
324439200.0 0.042200978845357895 1000.0
324442800.0 0.029686398804187775 1000.0
324446400.0 0.020444335415959358 1000.0
324450000.0 0.01351205911487341 1000.0
324453600.0 0.008894138969480991 1000.0
324457200.0 0.0060904426500201225 1000.0
324460800.0 0.004415734205394983 1000.0
324464400.0 0.004025333095341921 1000.0
324468000.0 0.003956441767513752 1000.0
324471600.0 0.0038999563548713923 1000.0
324475200.0 0.003848705440759659 1000.0
324478800.0 0.003802146064117551 1000.0
324482400.0 0.003759492887184024 1000.0
324486000.0 0.003720444394275546 1000.0
324489600.0 0.0036846348084509373 1000.0
324493200.0 0.0036517309490591288 1000.0
324496800.0 0.0036203593481332064 1000.0
324500400.0 0.003593828994780779 1000.0
324504000.0 0.0035680013243108988 1000.0
324507600.0 0.0035440626088529825 1000.0
324511200.0 0.0035218612756580114 1000.0
324514800.0 0.0035012271255254745 1000.0
324518400.0 0.003482129657641053 1000.0
324522000.0 0.003464251523837447 1000.0
324525600.0 0.003447997383773327 1000.0
324529200.0 0.0034324529115110636 1000.0
324532800.0 0.003417834173887968 1000.0
324536400.0 0.0034041705075651407 1000.0
324540000.0 0.003391347825527191 1000.0
324543600.0 0.0033793095499277115 1000.0
324547200.0 0.0033679951447993517 1000.0
324550800.0 0.003357349894940853 1000.0
324554400.0 0.0033473235089331865 1000.0
324558000.0 0.0033378705848008394 1000.0
324561600.0 0.0033289496786892414 1000.0
324565200.0 0.003320522839203477 1000.0
324568800.0 0.003312555607408285 1000.0
324572400.0 0.003305016318336129 1000.0
324576000.0 0.0032978756353259087 1000.0
324579600.0 0.0032911067828536034 1000.0
324583200.0 0.0032847023103386164 1000.0
324586800.0 0.0032786140218377113 1000.0
324590400.0 0.0032728207297623158 1000.0
324594000.0 0.003267312189564109 1000.0
324597600.0 0.0032620702404528856 1000.0
324601200.0 0.003257080679759383 1000.0
324604800.0 0.0032523255795240402 1000.0
324608400.0 0.003247791901230812 1000.0
324612000.0 0.0032434663735330105 1000.0
324615600.0 0.0032393368892371655 1000.0
324619200.0 0.0032353925053030252 1000.0
324622800.0 0.003231622511520982 1000.0
324626400.0 0.0032280171290040016 1000.0
324630000.0 0.0032245672773569822 1000.0
324633600.0 0.0032212641090154648 1000.0
324637200.0 0.0032180396374315023 1000.0
324640800.0 0.0032150668557733297 1000.0
324644400.0 0.003212160896509886 1000.0
324648000.0 0.0032093713525682688 1000.0
324651600.0 0.0032066938001662493 1000.0
324655200.0 0.003204122418537736 1000.0
324658800.0 0.0032016520854085684 1000.0
324662400.0 0.0031992776785045862 1000.0
324666000.0 0.0031969943083822727 1000.0
324669600.0 0.003194797784090042 1000.0
324673200.0 0.003192683681845665 1000.0
324676800.0 0.003190648276358843 1000.0
324680400.0 0.0031886876095086336 1000.0
324684000.0 0.003186798421666026 1000.0
324687600.0 0.0031849772203713655 1000.0
324691200.0 0.24155603349208832 1000.0
324694800.0 0.24155603349208832 1000.0
324698400.0 0.24155603349208832 1000.0
324702000.0 0.24155603349208832 1000.0
324705600.0 0.24155603349208832 1000.0
324709200.0 0.24155603349208832 1000.0
324712800.0 0.24155603349208832 1000.0
324716400.0 0.24155603349208832 1000.0
324720000.0 0.24155603349208832 1000.0
324723600.0 0.24155603349208832 1000.0
324727200.0 0.24155603349208832 1000.0
324730800.0 0.24155603349208832 1000.0
324734400.0 0.24155603349208832 1000.0
324738000.0 0.24155603349208832 1000.0
324741600.0 0.24155603349208832 1000.0
324745200.0 0.24155603349208832 1000.0
324748800.0 0.24155603349208832 1000.0
324752400.0 0.24155603349208832 1000.0
324756000.0 0.24155603349208832 1000.0
324759600.0 0.24155603349208832 1000.0
324763200.0 0.24155603349208832 1000.0
324766800.0 0.24155603349208832 1000.0
324770400.0 0.24155603349208832 1000.0
324774000.0 0.24155603349208832 1000.0
324777600.0 0.24155603349208832 1000.0
324781200.0 0.24155603349208832 1000.0
324784800.0 0.24155603349208832 1000.0
324788400.0 0.24155603349208832 1000.0
324792000.0 0.24155603349208832 1000.0
324795600.0 0.24155603349208832 1000.0
324799200.0 0.24155603349208832 1000.0
324802800.0 0.24155603349208832 1000.0
324806400.0 0.22315949201583862 1000.0
324810000.0 0.19514894485473633 1000.0
324813600.0 0.1725834757089615 1000.0
324817200.0 0.15411023795604706 1000.0
324820800.0 0.13877545297145844 1000.0
324824400.0 0.12601123750209808 1000.0
324828000.0 0.11537431180477142 1000.0
324831600.0 0.1065235435962677 1000.0
324835200.0 0.09919114410877228 1000.0
324838800.0 0.09320046007633209 1000.0
324842400.0 0.08842024207115173 1000.0
324846000.0 0.08477228134870529 1000.0
324849600.0 0.08228673040866852 1000.0
324853200.0 0.08119092136621475 1000.0
324856800.0 0.079607293009758 1000.0
324860400.0 0.0730527862906456 1000.0
324864000.0 0.05604640021920204 1000.0
324867600.0 0.040465112775564194 1000.0
324871200.0 0.028591224923729897 1000.0
324874800.0 0.019427316263318062 1000.0
324878400.0 0.012746348045766354 1000.0
324882000.0 0.008367341011762619 1000.0
324885600.0 0.005798434838652611 1000.0
324889200.0 0.004315272439271212 1000.0
324892800.0 0.004081831779330969 1000.0
324896400.0 0.004010581877082586 1000.0
324900000.0 0.003949100151658058 1000.0
324903600.0 0.0038934305775910616 1000.0
324907200.0 0.003842752892524004 1000.0
324910800.0 0.0037967232055962086 1000.0
324914400.0 0.0037545273080468178 1000.0
324918000.0 0.003715894417837262 1000.0
324921600.0 0.0036804573610424995 1000.0
324925200.0 0.0036478866823017597 1000.0
324928800.0 0.0036173600237816572 1000.0
324932400.0 0.003590564476326108 1000.0
324936000.0 0.0035649710334837437 1000.0
324939600.0 0.003541253972798586 1000.0
324943200.0 0.0035192540381103754 1000.0
324946800.0 0.003498824778944254 1000.0
324950400.0 0.00347987306304276 1000.0
324954000.0 0.0034621628001332283 1000.0
324957600.0 0.0034460474271327257 1000.0
324961200.0 0.0034306379966437817 1000.0
324964800.0 0.0034161147195845842 1000.0
324968400.0 0.003402555361390114 1000.0
324972000.0 0.0033898320980370045 1000.0
324975600.0 0.0033778855577111244 1000.0
324979200.0 0.0033666559029370546 1000.0
324982800.0 0.0033560891170054674 1000.0
324986400.0 0.003346135141327977 1000.0
324990000.0 0.003336749505251646 1000.0
324993600.0 0.003327891230583191 1000.0
324997200.0 0.00331952259875834 1000.0
325000800.0 0.003311609383672476 1000.0
325004400.0 0.003304120386019349 1000.0
325008000.0 0.003297026501968503 1000.0
325011600.0 0.0032903000246733427 1000.0
325015200.0 0.003283941186964512 1000.0
325018800.0 0.0032778880558907986 1000.0
325022400.0 0.0032721306197345257 1000.0
325026000.0 0.003266655607149005 1000.0
325029600.0 0.0032614467199891806 1000.0
325033200.0 0.003256485564634204 1000.0
325036800.0 0.0032517584040760994 1000.0
325040400.0 0.003247250569984317 1000.0
325044000.0 0.0032429497223347425 1000.0
325047600.0 0.0032388437539339066 1000.0
325051200.0 0.00323492125608027 1000.0
325054800.0 0.0032311719842255116 1000.0
325058400.0 0.0032275859266519547 1000.0
325062000.0 0.003224154468625784 1000.0
325065600.0 0.003220868995413184 1000.0
325069200.0 0.0032176808454096317 1000.0
325072800.0 0.0032147045712918043 1000.0
325076400.0 0.0032118128146976233 1000.0
325080000.0 0.0032090372405946255 1000.0
325083600.0 0.0032063729595392942 1000.0
325087200.0 0.003203814150765538 1000.0
325090800.0 0.0032013559248298407 1000.0
325094400.0 0.0031989929266273975 1000.0
325098000.0 0.0031967204995453358 1000.0
325101600.0 0.003194534219801426 1000.0
325105200.0 0.0031924298964440823 1000.0
325108800.0 0.0031904038041830063 1000.0
325112400.0 0.0031884522177278996 1000.0
325116000.0 0.0031865714117884636 1000.0
325119600.0 0.003184758359566331 1000.0
325123200.0 0.0031830098014324903 1000.0
325126800.0 0.003181322943419218 1000.0
325130400.0 0.00317969499155879 1000.0
325134000.0 0.0031781233847141266 1000.0
325137600.0 0.003176605561748147 1000.0
325141200.0 0.0031751389615237713 1000.0
325144800.0 0.003173721954226494 1000.0
325148400.0 0.003172351745888591 1000.0
325152000.0 0.0031710267066955566 1000.0
325155600.0 0.003169744974002242 1000.0
325159200.0 0.003168504685163498 1000.0
325162800.0 0.0031673964112997055 1000.0
325166400.0 0.003166130045428872 1000.0
325170000.0 0.003165015485137701 1000.0
325173600.0 0.00316392513923347 1000.0
325177200.0 0.0031628678552806377 1000.0
325180800.0 0.003161843167617917 1000.0
325184400.0 0.003160849679261446 1000.0
325188000.0 0.0031598859932273626 1000.0
325191600.0 0.0031589509453624487 1000.0
325195200.0 0.0031580436043441296 1000.0
325198800.0 0.0031571630388498306 1000.0
325202400.0 0.00315630785189569 1000.0
325206000.0 0.0031554775778204203 1000.0
325209600.0 0.0031546710524708033 1000.0
325213200.0 0.0031538873445242643 1000.0
325216800.0 0.0031531257554888725 1000.0
325220400.0 0.0031523853540420532 1000.0
325224000.0 0.003151665674522519 1000.0
325227600.0 0.003150965552777052 1000.0
325231200.0 0.003150284755975008 1000.0
325234800.0 0.003149622119963169 1000.0
325238400.0 0.0031489774119108915 1000.0
325242000.0 0.0031483499333262444 1000.0
325245600.0 0.0031477392185479403 1000.0
325249200.0 0.0031471443362534046 1000.0
325252800.0 0.003146565053611994 1000.0
325256400.0 0.003146000672131777 1000.0
325260000.0 0.0031454507261514664 1000.0
325263600.0 0.003144914982840419 1000.0
325267200.0 0.003144392743706703 1000.0
325270800.0 0.003143883543089032 1000.0
325274400.0 0.003143387148156762 1000.0
325278000.0 0.0031429030932486057 1000.0
325281600.0 0.003142430679872632 1000.0
325285200.0 0.0031419701408594847 1000.0
325288800.0 0.003141520544886589 1000.0
325292400.0 0.003141081891953945 1000.0
325296000.0 0.23075824975967407 1000.0
325299600.0 0.24155603349208832 1000.0
325303200.0 0.24155603349208832 1000.0
325306800.0 0.24155603349208832 1000.0
325310400.0 0.24155603349208832 1000.0
325314000.0 0.24155603349208832 1000.0
325317600.0 0.24155603349208832 1000.0
325321200.0 0.24155603349208832 1000.0
325324800.0 0.24155603349208832 1000.0
325328400.0 0.24155603349208832 1000.0
325332000.0 0.24155603349208832 1000.0
325335600.0 0.24155603349208832 1000.0
325339200.0 0.24155603349208832 1000.0
325342800.0 0.24155603349208832 1000.0
325346400.0 0.24155603349208832 1000.0
325350000.0 0.24155603349208832 1000.0
325353600.0 0.24155603349208832 1000.0
325357200.0 0.24155603349208832 1000.0
325360800.0 0.24155603349208832 1000.0
325364400.0 0.24155603349208832 1000.0
325368000.0 0.24155603349208832 1000.0
325371600.0 0.24155603349208832 1000.0
325375200.0 0.24155603349208832 1000.0
325378800.0 0.24155603349208832 1000.0
325382400.0 0.24155603349208832 1000.0
325386000.0 0.24155603349208832 1000.0
325389600.0 0.24155603349208832 1000.0
325393200.0 0.24155603349208832 1000.0
325396800.0 0.24155603349208832 1000.0
325400400.0 0.24155603349208832 1000.0
325404000.0 0.24155603349208832 1000.0
325407600.0 0.24155603349208832 1000.0
325411200.0 0.24155603349208832 1000.0
325414800.0 0.24155603349208832 1000.0
325418400.0 0.24155603349208832 1000.0
325422000.0 0.24155603349208832 1000.0
325425600.0 0.24155603349208832 1000.0
325429200.0 0.24155603349208832 1000.0
325432800.0 0.24155603349208832 1000.0
325436400.0 0.24155603349208832 1000.0
325440000.0 0.24155603349208832 1000.0
325443600.0 0.24155603349208832 1000.0
325447200.0 0.24155603349208832 1000.0
325450800.0 0.24155603349208832 1000.0
325454400.0 0.24155603349208832 1000.0
325458000.0 0.24155603349208832 1000.0
325461600.0 0.24155603349208832 1000.0
325465200.0 0.24155603349208832 1000.0
325468800.0 0.24155603349208832 1000.0
325472400.0 0.24155603349208832 1000.0
325476000.0 0.24155603349208832 1000.0
325479600.0 0.24155603349208832 1000.0
325483200.0 0.24155603349208832 1000.0
325486800.0 0.24155603349208832 1000.0
325490400.0 0.24155603349208832 1000.0
325494000.0 0.24155603349208832 1000.0
325497600.0 0.24155603349208832 1000.0
325501200.0 0.24155603349208832 1000.0
325504800.0 0.24155603349208832 1000.0
325508400.0 0.24155603349208832 1000.0
325512000.0 0.24155603349208832 1000.0
325515600.0 0.24155603349208832 1000.0
325519200.0 0.24155603349208832 1000.0
325522800.0 0.24155603349208832 1000.0
325526400.0 0.24155603349208832 1000.0
325530000.0 0.24155603349208832 1000.0
325533600.0 0.24155603349208832 1000.0
325537200.0 0.24155603349208832 1000.0
325540800.0 0.24155603349208832 1000.0
325544400.0 0.24155603349208832 1000.0
325548000.0 0.24155603349208832 1000.0
325551600.0 0.24155603349208832 1000.0
325555200.0 0.24155603349208832 1000.0
325558800.0 0.24155603349208832 1000.0
325562400.0 0.24155603349208832 1000.0
325566000.0 0.24155603349208832 1000.0
325569600.0 0.24155603349208832 1000.0
325573200.0 0.24155603349208832 1000.0
325576800.0 0.24155603349208832 1000.0
325580400.0 0.24155603349208832 1000.0
325584000.0 0.24155603349208832 1000.0
325587600.0 0.24155603349208832 1000.0
325591200.0 0.24155603349208832 1000.0
325594800.0 0.24155603349208832 1000.0
325598400.0 0.24155603349208832 1000.0
325602000.0 0.24155603349208832 1000.0
325605600.0 0.24155603349208832 1000.0
325609200.0 0.24155603349208832 1000.0
325612800.0 0.24155603349208832 1000.0
325616400.0 0.24155603349208832 1000.0
325620000.0 0.24155603349208832 1000.0
325623600.0 0.24155603349208832 1000.0
325627200.0 0.24155603349208832 1000.0
325630800.0 0.24155603349208832 1000.0
325634400.0 0.24155603349208832 1000.0
325638000.0 0.24155603349208832 1000.0
325641600.0 0.24155603349208832 1000.0
325645200.0 0.24155603349208832 1000.0
325648800.0 0.24155603349208832 1000.0
325652400.0 0.24155603349208832 1000.0
325656000.0 0.24155603349208832 1000.0
325659600.0 0.24155603349208832 1000.0
325663200.0 0.24155603349208832 1000.0
325666800.0 0.24155603349208832 1000.0
325670400.0 0.24155603349208832 1000.0
325674000.0 0.24155603349208832 1000.0
325677600.0 0.24155603349208832 1000.0
325681200.0 0.24155603349208832 1000.0
325684800.0 0.24155603349208832 1000.0
325688400.0 0.24155603349208832 1000.0
325692000.0 0.24155603349208832 1000.0
325695600.0 0.24155603349208832 1000.0
325699200.0 0.24155603349208832 1000.0
325702800.0 0.24155603349208832 1000.0
325706400.0 0.24155603349208832 1000.0
325710000.0 0.24155603349208832 1000.0
325713600.0 0.24155603349208832 1000.0
325717200.0 0.24155603349208832 1000.0
325720800.0 0.24155603349208832 1000.0
325724400.0 0.24155603349208832 1000.0
325728000.0 0.20116542279720306 1000.0
325731600.0 0.16841231286525726 1000.0
325735200.0 0.1474844515323639 1000.0
325738800.0 0.1316855102777481 1000.0
325742400.0 0.11941330134868622 1000.0
325746000.0 0.10946071147918701 1000.0
325749600.0 0.10140048712491989 1000.0
325753200.0 0.09489293396472931 1000.0
325756800.0 0.08972299098968506 1000.0
325760400.0 0.08578227460384369 1000.0
325764000.0 0.08304338157176971 1000.0
325767600.0 0.08158021420240402 1000.0
325771200.0 0.07785610854625702 1000.0
325774800.0 0.06108974665403366 1000.0
325778400.0 0.04475408047437668 1000.0
325782000.0 0.03177500143647194 1000.0
325785600.0 0.021904170513153076 1000.0
325789200.0 0.01478687021881342 1000.0
325792800.0 0.010014557279646397 1000.0
325796400.0 0.0072090644389390945 1000.0
325800000.0 0.0056306407786905766 1000.0
325803600.0 0.0052533200941979885 1000.0
325807200.0 0.005046884063631296 1000.0
325810800.0 0.00487050274387002 1000.0
325814400.0 0.004664777312427759 1000.0
325818000.0 0.004459012299776077 1000.0
325821600.0 0.004331870470196009 1000.0
325825200.0 0.004223868250846863 1000.0
325828800.0 0.004127747844904661 1000.0
325832400.0 0.0040417881682515144 1000.0
325836000.0 0.003964817151427269 1000.0
325839600.0 0.003895494854077697 1000.0
325843200.0 0.0038330277893692255 1000.0
325846800.0 0.003776205936446786 1000.0
325850400.0 0.0037245627027004957 1000.0
325854000.0 0.003677539760246873 1000.0
325857600.0 0.00362938130274415 1000.0
325861200.0 0.003595774993300438 1000.0
325864800.0 0.003559858538210392 1000.0
325868400.0 0.003526754677295685 1000.0
325872000.0 0.003496379591524601 1000.0
325875600.0 0.0034683470148593187 1000.0
325879200.0 0.0034429230727255344 1000.0
325882800.0 0.0034189047291874886 1000.0
325886400.0 0.0033965674228966236 1000.0
325890000.0 0.00337580731138587 1000.0
325893600.0 0.003356495639309287 1000.0
325897200.0 0.003338505979627371 1000.0
325900800.0 0.0033217223826795816 1000.0
325904400.0 0.0033060512505471706 1000.0
325908000.0 0.0032914152834564447 1000.0
325911600.0 0.0032777050510048866 1000.0
325915200.0 0.003264826722443104 1000.0
325918800.0 0.003252738155424595 1000.0
325922400.0 0.0032413755543529987 1000.0
325926000.0 0.0032307179644703865 1000.0
325929600.0 0.003220608225092292 1000.0
325933200.0 0.003211128991097212 1000.0
325936800.0 0.0032021726947277784 1000.0
325940400.0 0.0031937130261212587 1000.0
325944000.0 0.0031857150606811047 1000.0
325947600.0 0.003178088925778866 1000.0
325951200.0 0.003170974785462022 1000.0
325954800.0 0.0031641873065382242 1000.0
325958400.0 0.0031577430199831724 1000.0
325962000.0 0.0031516249291598797 1000.0
325965600.0 0.003145812312141061 1000.0
325969200.0 0.0031402858439832926 1000.0
325972800.0 0.0031350275967270136 1000.0
325976400.0 0.0031300210393965244 1000.0
325980000.0 0.0031252510379999876 1000.0
325983600.0 0.0031207033898681402 1000.0
325987200.0 0.25665825605392456 1000.0
325990800.0 0.24155603349208832 1000.0
325994400.0 0.24155603349208832 1000.0
325998000.0 0.24155603349208832 1000.0
326001600.0 0.24155603349208832 1000.0
326005200.0 0.24155603349208832 1000.0
326008800.0 0.24155603349208832 1000.0
326012400.0 0.24155603349208832 1000.0
326016000.0 0.24155603349208832 1000.0
326019600.0 0.24155603349208832 1000.0
326023200.0 0.24155603349208832 1000.0
326026800.0 0.24155603349208832 1000.0
326030400.0 0.24155603349208832 1000.0
326034000.0 0.24155603349208832 1000.0
326037600.0 0.24155603349208832 1000.0
326041200.0 0.24155603349208832 1000.0
326044800.0 0.24155603349208832 1000.0
326048400.0 0.24155603349208832 1000.0
326052000.0 0.24155603349208832 1000.0
326055600.0 0.24155603349208832 1000.0
326059200.0 0.24155603349208832 1000.0
326062800.0 0.24155603349208832 1000.0
326066400.0 0.24155603349208832 1000.0
326070000.0 0.24155603349208832 1000.0
326073600.0 0.24155603349208832 1000.0
326077200.0 0.24155603349208832 1000.0
326080800.0 0.24155603349208832 1000.0
326084400.0 0.24155603349208832 1000.0
326088000.0 0.24155603349208832 1000.0
326091600.0 0.24155603349208832 1000.0
326095200.0 0.24155603349208832 1000.0
326098800.0 0.21353855729103088 1000.0
326102400.0 0.1874837428331375 1000.0
326106000.0 0.16627538204193115 1000.0
326109600.0 0.1487579643726349 1000.0
326113200.0 0.1343853622674942 1000.0
326116800.0 0.12235479801893234 1000.0
326120400.0 0.11232888698577881 1000.0
326124000.0 0.10398578643798828 1000.0
326127600.0 0.0971044972538948 1000.0
326131200.0 0.0915198028087616 1000.0
326134800.0 0.08711852133274078 1000.0
326138400.0 0.08384279906749725 1000.0
326142000.0 0.08176593482494354 1000.0
326145600.0 0.08157435804605484 1000.0
326149200.0 0.07408349215984344 1000.0
326152800.0 0.05743031948804855 1000.0
326156400.0 0.04175875335931778 1000.0
326160000.0 0.05641503632068634 1000.0
326163600.0 0.10077937692403793 1000.0
326167200.0 0.10852023959159851 1000.0
326170800.0 0.1125868409872055 1000.0
326174400.0 0.11448533087968826 1000.0
326178000.0 0.11533147096633911 1000.0
326181600.0 0.11570194363594055 1000.0
326185200.0 0.11586295068264008 1000.0
326188800.0 0.11593267321586609 1000.0
326192400.0 0.11596281826496124 1000.0
326196000.0 0.11597584933042526 1000.0
326199600.0 0.11598147451877594 1000.0
326203200.0 0.11598391085863113 1000.0
326206800.0 0.1159849613904953 1000.0
326210400.0 0.11598541587591171 1000.0
326214000.0 0.11598560959100723 1000.0
326217600.0 0.1159856915473938 1000.0
326221200.0 0.11598572880029678 1000.0
326224800.0 0.11598574370145798 1000.0
326228400.0 0.11598575115203857 1000.0
326232000.0 0.11598575860261917 1000.0
326235600.0 0.11598575860261917 1000.0
326239200.0 0.11598575860261917 1000.0
326242800.0 0.11598575860261917 1000.0
326246400.0 0.10029197484254837 1000.0
326250000.0 0.0823856070637703 1000.0
326253600.0 0.06396317481994629 1000.0
326257200.0 0.04469267651438713 1000.0
326260800.0 0.03368324786424637 1000.0
326264400.0 0.0264159943908453 1000.0
326268000.0 0.021299948915839195 1000.0
326271600.0 0.01760435663163662 1000.0
326275200.0 0.014879761263728142 1000.0
326278800.0 0.012800108641386032 1000.0
326282400.0 0.01120966486632824 1000.0
326286000.0 0.009933901019394398 1000.0
326289600.0 0.008951479569077492 1000.0
326293200.0 0.008129248395562172 1000.0
326296800.0 0.007454241625964642 1000.0
326300400.0 0.006899554282426834 1000.0
326304000.0 0.006436088588088751 1000.0
326307600.0 0.006060248706489801 1000.0
326311200.0 0.00572830019518733 1000.0
326314800.0 0.005442930851131678 1000.0
326318400.0 0.0051966505125164986 1000.0
326322000.0 0.004983878694474697 1000.0
326325600.0 0.00479896180331707 1000.0
326329200.0 0.004637196660041809 1000.0
326332800.0 0.0044958931393921375 1000.0
326336400.0 0.004369825590401888 1000.0
326340000.0 0.004257753025740385 1000.0
326343600.0 0.004157965071499348 1000.0
326347200.0 0.0040688300505280495 1000.0
326350800.0 0.003989021759480238 1000.0
326354400.0 0.003917255438864231 1000.0
326358000.0 0.0038527348078787327 1000.0
326361600.0 0.0037941359914839268 1000.0
326365200.0 0.00374085595831275 1000.0
326368800.0 0.0036923822481185198 1000.0
326372400.0 0.0036481732968240976 1000.0
326376000.0 0.003607882186770439 1000.0
326379600.0 0.003571239998564124 1000.0
326383200.0 0.003537222510203719 1000.0
326386800.0 0.003505977103486657 1000.0
326390400.0 0.003477177582681179 1000.0
326394000.0 0.003451000899076462 1000.0
326397600.0 0.003426498733460903 1000.0
326401200.0 0.003403645707294345 1000.0
326404800.0 0.003382384544238448 1000.0
326408400.0 0.003362615592777729 1000.0
326412000.0 0.0033442082349210978 1000.0
326415600.0 0.003327044425532222 1000.0
326419200.0 0.0033110196236521006 1000.0
326422800.0 0.0032960374373942614 1000.0
326426400.0 0.003282062476500869 1000.0
326430000.0 0.003268913133069873 1000.0
326433600.0 0.00325657706707716 1000.0
326437200.0 0.0032449839636683464 1000.0
326440800.0 0.003234080970287323 1000.0
326444400.0 0.0032237728592008352 1000.0
326448000.0 0.003214143915101886 1000.0
326451600.0 0.0032050195150077343 1000.0
326455200.0 0.003196402220055461 1000.0
326458800.0 0.0031882578041404486 1000.0
326462400.0 0.0031806137412786484 1000.0
326466000.0 0.0031732385978102684 1000.0
326469600.0 0.0031663477420806885 1000.0
326473200.0 0.0031597933266311884 1000.0
326476800.0 0.0031535716261714697 1000.0
326480400.0 0.003147662151604891 1000.0
326484000.0 0.0031420448794960976 1000.0
326487600.0 0.0031367014162242413 1000.0
326491200.0 0.003131614997982979 1000.0
326494800.0 0.0031267700251191854 1000.0
326498400.0 0.0031221515964716673 1000.0
326502000.0 0.0031177466735243797 1000.0
326505600.0 0.003113542450591922 1000.0
326509200.0 0.003109527751803398 1000.0
326512800.0 0.0031056911684572697 1000.0
326516400.0 0.003102022921666503 1000.0
326520000.0 0.003098513698205352 1000.0
326523600.0 0.0030951546505093575 1000.0
326527200.0 0.0030919378623366356 1000.0
326530800.0 0.0030888551846146584 1000.0
326534400.0 0.00308589986525476 1000.0
326538000.0 0.0030830653849989176 1000.0
326541600.0 0.0030803449917584658 1000.0
326545200.0 0.0030777330975979567 1000.0
326548800.0 0.003075224347412586 1000.0
326552400.0 0.0030728133860975504 1000.0
326556000.0 0.003070494858548045 1000.0
326559600.0 0.0030682669021189213 1000.0
326563200.0 0.003066121367737651 1000.0
326566800.0 0.0030640559270977974 1000.0
326570400.0 0.0030620668549090624 1000.0
326574000.0 0.0030601504258811474 1000.0
326577600.0 0.0030583031475543976 1000.0
326581200.0 0.003056522225961089 1000.0
326584800.0 0.003054804401472211 1000.0
326588400.0 0.0030531466472893953 1000.0
326592000.0 0.003051546635106206 1000.0
326595600.0 0.0030500018037855625 1000.0
326599200.0 0.003048509359359741 1000.0
326602800.0 0.003047067206352949 1000.0
326606400.0 0.003045673482120037 1000.0
326610000.0 0.003044325625523925 1000.0
326613600.0 0.0030430222395807505 1000.0
326617200.0 0.0030417609959840775 1000.0
326620800.0 0.003040540497750044 1000.0
326624400.0 0.003039358649402857 1000.0
326628000.0 0.003038214286789298 1000.0
326631600.0 0.003037105780094862 1000.0
326635200.0 0.0030360317323356867 1000.0
326638800.0 0.0030349907465279102 1000.0
326642400.0 0.0030339814256876707 1000.0
326646000.0 0.00303300260566175 1000.0
326649600.0 0.0030320531222969294 1000.0
326653200.0 0.0030311320442706347 1000.0
326656800.0 0.003030237974599004 1000.0
326660400.0 0.003029369981959462 1000.0
326664000.0 0.003028527135029435 1000.0
326667600.0 0.003027708735316992 1000.0
326671200.0 0.00302691338583827 1000.0
326674800.0 0.003026140620931983 1000.0
326678400.0 0.0030253897421061993 1000.0
326682000.0 0.0030246595852077007 1000.0
326685600.0 0.0030239494517445564 1000.0
326689200.0 0.0030232591088861227 1000.0
326692800.0 0.0030225871596485376 1000.0
326696400.0 0.003021933836862445 1000.0
326700000.0 0.003021297510713339 1000.0
326703600.0 0.003020678414031863 1000.0
326707200.0 0.0030200756154954433 1000.0
326710800.0 0.0030194884166121483 1000.0
326714400.0 0.0030189165845513344 1000.0
326718000.0 0.0030183594208210707 1000.0
326721600.0 0.00301781645976007 1000.0
326725200.0 0.0030172874685376883 1000.0
326728800.0 0.0030167715158313513 1000.0
326732400.0 0.0030162688344717026 1000.0
326736000.0 0.0030157784931361675 1000.0
326739600.0 0.0030153002589941025 1000.0
326743200.0 0.00301483366638422 1000.0
326746800.0 0.003014378482475877 1000.0
326750400.0 0.003013934474438429 1000.0
326754000.0 0.0030135009437799454 1000.0
326757600.0 0.0030130778905004263 1000.0
326761200.0 0.0030126646161079407 1000.0
326764800.0 0.07509021461009979 1000.0
326768400.0 0.15139952301979065 1000.0
326772000.0 0.17260561883449554 1000.0
326775600.0 0.18486365675926208 1000.0
326779200.0 0.19456477463245392 1000.0
326782800.0 0.20397253334522247 1000.0
326786400.0 0.2134695053100586 1000.0
326790000.0 0.22303447127342224 1000.0
326793600.0 0.23245003819465637 1000.0
326797200.0 0.23781882226467133 1000.0
326800800.0 0.24738992750644684 1000.0
326804400.0 0.2523898780345917 1000.0
326808000.0 0.25709548592567444 1000.0
326811600.0 0.26132839918136597 1000.0
326815200.0 0.24155603349208832 1000.0
326818800.0 0.24155603349208832 1000.0
326822400.0 0.24155603349208832 1000.0
326826000.0 0.24155603349208832 1000.0
326829600.0 0.24155603349208832 1000.0
326833200.0 0.24155603349208832 1000.0
326836800.0 0.24155603349208832 1000.0
326840400.0 0.24155603349208832 1000.0
326844000.0 0.24155603349208832 1000.0
326847600.0 0.24155603349208832 1000.0
326851200.0 0.24155603349208832 1000.0
326854800.0 0.24155603349208832 1000.0
326858400.0 0.24155603349208832 1000.0
326862000.0 0.24155603349208832 1000.0
326865600.0 0.24155603349208832 1000.0
326869200.0 0.24155603349208832 1000.0
326872800.0 0.24155603349208832 1000.0
326876400.0 0.24155603349208832 1000.0
326880000.0 0.24155603349208832 1000.0
326883600.0 0.24155603349208832 1000.0
326887200.0 0.24155603349208832 1000.0
326890800.0 0.24155603349208832 1000.0
326894400.0 0.24155603349208832 1000.0
326898000.0 0.24155603349208832 1000.0
326901600.0 0.24155603349208832 1000.0
326905200.0 0.24155603349208832 1000.0
326908800.0 0.24155603349208832 1000.0
326912400.0 0.24155603349208832 1000.0
326916000.0 0.24155603349208832 1000.0
326919600.0 0.24155603349208832 1000.0
326923200.0 0.24155603349208832 1000.0
326926800.0 0.24155603349208832 1000.0
326930400.0 0.24155603349208832 1000.0
326934000.0 0.24155603349208832 1000.0
326937600.0 0.24155603349208832 1000.0
326941200.0 0.24155603349208832 1000.0
326944800.0 0.24155603349208832 1000.0
326948400.0 0.24155603349208832 1000.0
326952000.0 0.24155603349208832 1000.0
326955600.0 0.24155603349208832 1000.0
326959200.0 0.24155603349208832 1000.0
326962800.0 0.24155603349208832 1000.0
326966400.0 0.24155603349208832 1000.0
326970000.0 0.24155603349208832 1000.0
326973600.0 0.24155603349208832 1000.0
326977200.0 0.24155603349208832 1000.0
326980800.0 0.24155603349208832 1000.0
326984400.0 0.24155603349208832 1000.0
326988000.0 0.24155603349208832 1000.0
326991600.0 0.24155603349208832 1000.0
326995200.0 0.24155603349208832 1000.0
326998800.0 0.24155603349208832 1000.0
327002400.0 0.24155603349208832 1000.0
327006000.0 0.24155603349208832 1000.0
327009600.0 0.24155603349208832 1000.0
327013200.0 0.24155603349208832 1000.0
327016800.0 0.24155603349208832 1000.0
327020400.0 0.24155603349208832 1000.0
327024000.0 0.24155603349208832 1000.0
327027600.0 0.24155603349208832 1000.0
327031200.0 0.24155603349208832 1000.0
327034800.0 0.24155603349208832 1000.0
327038400.0 0.24155603349208832 1000.0
327042000.0 0.24155603349208832 1000.0
327045600.0 0.24155603349208832 1000.0
327049200.0 0.24155603349208832 1000.0
327052800.0 0.24155603349208832 1000.0
327056400.0 0.24155603349208832 1000.0
327060000.0 0.24155603349208832 1000.0
327063600.0 0.24155603349208832 1000.0
327067200.0 0.24155603349208832 1000.0
327070800.0 0.24155603349208832 1000.0
327074400.0 0.24155603349208832 1000.0
327078000.0 0.24155603349208832 1000.0
327081600.0 0.24155603349208832 1000.0
327085200.0 0.24155603349208832 1000.0
327088800.0 0.24155603349208832 1000.0
327092400.0 0.24155603349208832 1000.0
327096000.0 0.24155603349208832 1000.0
327099600.0 0.24155603349208832 1000.0
327103200.0 0.24155603349208832 1000.0
327106800.0 0.24155603349208832 1000.0
327110400.0 0.24155603349208832 1000.0
327114000.0 0.24155603349208832 1000.0
327117600.0 0.24155603349208832 1000.0
327121200.0 0.24155603349208832 1000.0
327124800.0 0.24155603349208832 1000.0
327128400.0 0.24155603349208832 1000.0
327132000.0 0.24155603349208832 1000.0
327135600.0 0.24155603349208832 1000.0
327139200.0 0.24155603349208832 1000.0
327142800.0 0.21860715746879578 1000.0
327146400.0 0.19167469441890717 1000.0
327150000.0 0.16969121992588043 1000.0
327153600.0 0.1516513228416443 1000.0
327157200.0 0.1367773562669754 1000.0
327160800.0 0.12440203130245209 1000.0
327164400.0 0.1140381321310997 1000.0
327168000.0 0.10541202872991562 1000.0
327171600.0 0.09827576577663422 1000.0
327175200.0 0.09245982766151428 1000.0
327178800.0 0.08784076571464539 1000.0
327182400.0 0.08434756845235825 1000.0
327186000.0 0.08202765136957169 1000.0
327189600.0 0.08116288483142853 1000.0
327193200.0 0.08012174069881439 1000.0
327196800.0 0.0733366459608078 1000.0
327200400.0 0.060594674199819565 1000.0
327204000.0 0.04442781209945679 1000.0
327207600.0 0.03174387291073799 1000.0
327211200.0 0.021849149838089943 1000.0
327214800.0 0.014561817049980164 1000.0
327218400.0 0.009438129141926765 1000.0
327222000.0 0.006409963592886925 1000.0
327225600.0 0.004528304096311331 1000.0
327229200.0 0.0039077382534742355 1000.0
327232800.0 0.0038307630456984043 1000.0
327236400.0 0.003773934207856655 1000.0
327240000.0 0.003722504712641239 1000.0
327243600.0 0.003675674321129918 1000.0
327247200.0 0.0036284311208873987 1000.0
327250800.0 0.0035942441318184137 1000.0
327254400.0 0.0035584471188485622 1000.0
327258000.0 0.003525461070239544 1000.0
327261600.0 0.0034951968118548393 1000.0
327265200.0 0.0034672576002776623 1000.0
327268800.0 0.0034419649746268988 1000.0
327272400.0 0.003417983651161194 1000.0
327276000.0 0.0033957096748054028 1000.0
327279600.0 0.0033750126603990793 1000.0
327283200.0 0.0033557587303221226 1000.0
327286800.0 0.0033378207590430975 1000.0
327290400.0 0.0033210860565304756 1000.0
327294000.0 0.0033054561354219913 1000.0
327297600.0 0.003290874883532524 1000.0
327301200.0 0.0032771886326372623 1000.0
327304800.0 0.0032643440645188093 1000.0
327308400.0 0.0032522850669920444 1000.0
327312000.0 0.0032409504055976868 1000.0
327315600.0 0.0032301582396030426 1000.0
327319200.0 0.0032202391885221004 1000.0
327322800.0 0.0032107762526720762 1000.0
327326400.0 0.0032018404453992844 1000.0
327330000.0 0.0031933996360749006 1000.0
327333600.0 0.0031854193657636642 1000.0
327337200.0 0.0031777878757566214 1000.0
327340800.0 0.0031707140151411295 1000.0
327344400.0 0.0031639374792575836 1000.0
327348000.0 0.0031575062312185764 1000.0
327351600.0 0.003151400713250041 1000.0
327355200.0 0.003145599504932761 1000.0
327358800.0 0.003140083746984601 1000.0
327362400.0 0.003134835511445999 1000.0
327366000.0 0.0031298385001719 1000.0
327369600.0 0.0031250775791704655 1000.0
327373200.0 0.003120538080111146 1000.0
327376800.0 0.003116207430139184 1000.0
327380400.0 0.003112073289230466 1000.0
327384000.0 0.0031081242486834526 1000.0
327387600.0 0.0031043498311191797 1000.0
327391200.0 0.003100740257650614 1000.0
327394800.0 0.0030972864478826523 1000.0
327398400.0 0.00309397978708148 1000.0
327402000.0 0.003090812359005213 1000.0
327405600.0 0.0030877767130732536 1000.0
327409200.0 0.003084865864366293 1000.0
327412800.0 0.0030820732936263084 1000.0
327416400.0 0.0030793927144259214 1000.0
327420000.0 0.003076818771660328 1000.0
327423600.0 0.00307434587739408 1000.0
327427200.0 0.0030719665810465813 1000.0
327430800.0 0.003069684375077486 1000.0
327434400.0 0.003067485988140106 1000.0
327438000.0 0.003065369790419936 1000.0
327441600.0 0.003063332289457321 1000.0
327445200.0 0.0030613697599619627 1000.0
327448800.0 0.003059478709474206 1000.0
327452400.0 0.00305765587836504 1000.0
327456000.0 0.003055898007005453 1000.0
327459600.0 0.0030542020685970783 1000.0
327463200.0 0.0030525655020028353 1000.0
327466800.0 0.0030509857460856438 1000.0
327470400.0 0.00304946000687778 1000.0
327474000.0 0.0030479859560728073 1000.0
327477600.0 0.003046561498194933 1000.0
327481200.0 0.003045184537768364 1000.0
327484800.0 0.0030438529793173075 1000.0
327488400.0 0.0030425649601966143 1000.0
327492000.0 0.0030413183849304914 1000.0
327495600.0 0.0030401120893657207 1000.0
327499200.0 0.0030389439780265093 1000.0
327502800.0 0.003037812653928995 1000.0
327506400.0 0.0030367167200893164 1000.0
327510000.0 0.003035654779523611 1000.0
327513600.0 0.0030346252024173737 1000.0
327517200.0 0.0030336270574480295 1000.0
327520800.0 0.0030326589476317167 1000.0
327524400.0 0.0030317199416458607 1000.0
327528000.0 0.0030308084096759558 1000.0
327531600.0 0.0030299238860607147 1000.0
327535200.0 0.0030290652066469193 1000.0
327538800.0 0.003028231207281351 1000.0
327542400.0 0.0030274211894720793 1000.0
327546000.0 0.0030266339890658855 1000.0
327549600.0 0.0030258693732321262 1000.0
327553200.0 0.0030251257121562958 1000.0
327556800.0 0.003024403005838394 1000.0
327560400.0 0.003023700090125203 1000.0
327564000.0 0.0030230162665247917 1000.0
327567600.0 0.0030223513022065163 1000.0
327571200.0 0.003021703101694584 1000.0
327574800.0 0.003021073993295431 1000.0
327578400.0 0.003020460717380047 1000.0
327582000.0 0.0030198635067790747 1000.0
327585600.0 0.0030192818958312273 1000.0
327589200.0 0.0030187154188752174 1000.0
327592800.0 0.003018163377419114 1000.0
327596400.0 0.0030176255386322737 1000.0
327600000.0 0.003017101436853409 1000.0
327603600.0 0.0030165903735905886 1000.0
327607200.0 0.0030160918831825256 1000.0
327610800.0 0.00301560596562922 1000.0
327614400.0 0.0030151319224387407 1000.0
327618000.0 0.003014669753611088 1000.0
327621600.0 0.0030142185278236866 1000.0
327625200.0 0.003013778245076537 1000.0
327628800.0 0.18483422696590424 1000.0
327632400.0 0.24155603349208832 1000.0
327636000.0 0.24155603349208832 1000.0
327639600.0 0.24155603349208832 1000.0
327643200.0 0.24155603349208832 1000.0
327646800.0 0.24155603349208832 1000.0
327650400.0 0.24155603349208832 1000.0
327654000.0 0.24155603349208832 1000.0
327657600.0 0.24155603349208832 1000.0
327661200.0 0.24155603349208832 1000.0
327664800.0 0.24155603349208832 1000.0
327668400.0 0.24155603349208832 1000.0
327672000.0 0.24155603349208832 1000.0
327675600.0 0.24155603349208832 1000.0
327679200.0 0.24155603349208832 1000.0
327682800.0 0.24155603349208832 1000.0
327686400.0 0.24155603349208832 1000.0
327690000.0 0.24155603349208832 1000.0
327693600.0 0.24155603349208832 1000.0
327697200.0 0.24155603349208832 1000.0
327700800.0 0.24155603349208832 1000.0
327704400.0 0.24155603349208832 1000.0
327708000.0 0.24155603349208832 1000.0
327711600.0 0.24155603349208832 1000.0
327715200.0 0.24155603349208832 1000.0
327718800.0 0.24155603349208832 1000.0
327722400.0 0.24155603349208832 1000.0
327726000.0 0.24155603349208832 1000.0
327729600.0 0.24155603349208832 1000.0
327733200.0 0.24155603349208832 1000.0
327736800.0 0.24155603349208832 1000.0
327740400.0 0.24155603349208832 1000.0
327744000.0 0.24155603349208832 1000.0
327747600.0 0.24155603349208832 1000.0
327751200.0 0.24155603349208832 1000.0
327754800.0 0.24155603349208832 1000.0
327758400.0 0.24155603349208832 1000.0
327762000.0 0.24155603349208832 1000.0
327765600.0 0.24155603349208832 1000.0
327769200.0 0.24155603349208832 1000.0
327772800.0 0.24155603349208832 1000.0
327776400.0 0.24155603349208832 1000.0
327780000.0 0.24155603349208832 1000.0
327783600.0 0.24155603349208832 1000.0
327787200.0 0.24155603349208832 1000.0
327790800.0 0.24155603349208832 1000.0
327794400.0 0.24155603349208832 1000.0
327798000.0 0.24155603349208832 1000.0
327801600.0 0.24155603349208832 1000.0
327805200.0 0.24155603349208832 1000.0
327808800.0 0.24155603349208832 1000.0
327812400.0 0.24155603349208832 1000.0
327816000.0 0.24155603349208832 1000.0
327819600.0 0.24155603349208832 1000.0
327823200.0 0.24155603349208832 1000.0
327826800.0 0.24155603349208832 1000.0
327830400.0 0.24155603349208832 1000.0
327834000.0 0.24155603349208832 1000.0
327837600.0 0.24155603349208832 1000.0
327841200.0 0.24155603349208832 1000.0
327844800.0 0.24155603349208832 1000.0
327848400.0 0.24155603349208832 1000.0
327852000.0 0.24155603349208832 1000.0
327855600.0 0.24155603349208832 1000.0
327859200.0 0.24155603349208832 1000.0
327862800.0 0.24155603349208832 1000.0
327866400.0 0.24155603349208832 1000.0
327870000.0 0.24155603349208832 1000.0
327873600.0 0.24155603349208832 1000.0
327877200.0 0.24155603349208832 1000.0
327880800.0 0.24155603349208832 1000.0
327884400.0 0.24155603349208832 1000.0
327888000.0 0.24155603349208832 1000.0
327891600.0 0.24155603349208832 1000.0
327895200.0 0.24155603349208832 1000.0
327898800.0 0.24155603349208832 1000.0
327902400.0 0.24155603349208832 1000.0
327906000.0 0.24155603349208832 1000.0
327909600.0 0.24155603349208832 1000.0
327913200.0 0.22886179387569427 1000.0
327916800.0 0.19917155802249908 1000.0
327920400.0 0.17582982778549194 1000.0
327924000.0 0.15657518804073334 1000.0
327927600.0 0.14085476100444794 1000.0
327931200.0 0.1278347671031952 1000.0
327934800.0 0.11689262837171555 1000.0
327938400.0 0.1077805608510971 1000.0
327942000.0 0.10023032873868942 1000.0
327945600.0 0.09404348582029343 1000.0
327949200.0 0.08908124268054962 1000.0
327952800.0 0.08526477962732315 1000.0
327956400.0 0.0825992301106453 1000.0
327960000.0 0.08124367147684097 1000.0
327963600.0 0.07990185916423798 1000.0
327967200.0 0.07336180657148361 1000.0
327970800.0 0.05622197687625885 1000.0
327974400.0 0.13064758479595184 1000.0
327978000.0 0.19665296375751495 1000.0
327981600.0 0.22785718739032745 1000.0
327985200.0 0.2462892085313797 1000.0
327988800.0 0.2580074667930603 1000.0
327992400.0 0.24155603349208832 1000.0
327996000.0 0.24155603349208832 1000.0
327999600.0 0.24155603349208832 1000.0
328003200.0 0.24155603349208832 1000.0
328006800.0 0.24155603349208832 1000.0
328010400.0 0.24155603349208832 1000.0
328014000.0 0.24155603349208832 1000.0
328017600.0 0.24155603349208832 1000.0
328021200.0 0.24155603349208832 1000.0
328024800.0 0.24155603349208832 1000.0
328028400.0 0.24155603349208832 1000.0
328032000.0 0.24155603349208832 1000.0
328035600.0 0.24155603349208832 1000.0
328039200.0 0.24155603349208832 1000.0
328042800.0 0.24155603349208832 1000.0
328046400.0 0.24155603349208832 1000.0
328050000.0 0.24155603349208832 1000.0
328053600.0 0.24155603349208832 1000.0
328057200.0 0.24155603349208832 1000.0
328060800.0 0.24155603349208832 1000.0
328064400.0 0.24155603349208832 1000.0
328068000.0 0.2391613870859146 1000.0
328071600.0 0.20192283391952515 1000.0
328075200.0 0.17697878181934357 1000.0
328078800.0 0.15705589950084686 1000.0
328082400.0 0.14087361097335815 1000.0
328086000.0 0.12765167653560638 1000.0
328089600.0 0.11663354933261871 1000.0
328093200.0 0.1075064167380333 1000.0
328096800.0 0.09997165203094482 1000.0
328100400.0 0.09382312744855881 1000.0
328104000.0 0.08891572058200836 1000.0
328107600.0 0.0851660817861557 1000.0
328111200.0 0.08068591356277466 1000.0
328114800.0 0.06642887741327286 1000.0
328118400.0 0.048687227070331573 1000.0
328122000.0 0.034105751663446426 1000.0
328125600.0 0.02306101657450199 1000.0
328129200.0 0.014785360544919968 1000.0
328132800.0 0.009417299181222916 1000.0
328136400.0 0.006511291954666376 1000.0
328140000.0 0.005182795692235231 1000.0
328143600.0 0.004903931170701981 1000.0
328147200.0 0.004727376624941826 1000.0
328150800.0 0.004575125873088837 1000.0
328154400.0 0.004440365359187126 1000.0
328158000.0 0.0043205986730754375 1000.0
328161600.0 0.004213983658701181 1000.0
328165200.0 0.004118942189961672 1000.0
328168800.0 0.004033902194350958 1000.0
328172400.0 0.003957759588956833 1000.0
328176000.0 0.0038891646545380354 1000.0
328179600.0 0.003827276173979044 1000.0
328183200.0 0.0037709949538111687 1000.0
328186800.0 0.0037198299542069435 1000.0
328190400.0 0.003673230530694127 1000.0
328194000.0 0.0036270960699766874 1000.0
328197600.0 0.0035922066308557987 1000.0
328201200.0 0.00355655699968338 1000.0
328204800.0 0.0035237225238233805 1000.0
328208400.0 0.003493590746074915 1000.0
328212000.0 0.0034657781943678856 1000.0
328215600.0 0.003440611297264695 1000.0
328219200.0 0.0034167016856372356 1000.0
328222800.0 0.003394518746063113 1000.0
328226400.0 0.0033739041537046432 1000.0
328230000.0 0.0033547254279255867 1000.0
328233600.0 0.24155603349208832 1000.0
328237200.0 0.24155603349208832 1000.0
328240800.0 0.24155603349208832 1000.0
328244400.0 0.24155603349208832 1000.0
328248000.0 0.24155603349208832 1000.0
328251600.0 0.24155603349208832 1000.0
328255200.0 0.24155603349208832 1000.0
328258800.0 0.24155603349208832 1000.0
328262400.0 0.24155603349208832 1000.0
328266000.0 0.24155603349208832 1000.0
328269600.0 0.24155603349208832 1000.0
328273200.0 0.24155603349208832 1000.0
328276800.0 0.24155603349208832 1000.0
328280400.0 0.24155603349208832 1000.0
328284000.0 0.24155603349208832 1000.0
328287600.0 0.24155603349208832 1000.0
328291200.0 0.24155603349208832 1000.0
328294800.0 0.24155603349208832 1000.0
328298400.0 0.24155603349208832 1000.0
328302000.0 0.24155603349208832 1000.0
328305600.0 0.24155603349208832 1000.0
328309200.0 0.24155603349208832 1000.0
328312800.0 0.24155603349208832 1000.0
328316400.0 0.24155603349208832 1000.0
328320000.0 0.24155603349208832 1000.0
328323600.0 0.24155603349208832 1000.0
328327200.0 0.24155603349208832 1000.0
328330800.0 0.24155603349208832 1000.0
328334400.0 0.24155603349208832 1000.0
328338000.0 0.24155603349208832 1000.0
328341600.0 0.24155603349208832 1000.0
328345200.0 0.24155603349208832 1000.0
328348800.0 0.24155603349208832 1000.0
328352400.0 0.24155603349208832 1000.0
328356000.0 0.24155603349208832 1000.0
328359600.0 0.24155603349208832 1000.0
328363200.0 0.24155603349208832 1000.0
328366800.0 0.24155603349208832 1000.0
328370400.0 0.24155603349208832 1000.0
328374000.0 0.24155603349208832 1000.0
328377600.0 0.24155603349208832 1000.0
328381200.0 0.24155603349208832 1000.0
328384800.0 0.24155603349208832 1000.0
328388400.0 0.24155603349208832 1000.0
328392000.0 0.24155603349208832 1000.0
328395600.0 0.24155603349208832 1000.0
328399200.0 0.24155603349208832 1000.0
328402800.0 0.24155603349208832 1000.0
328406400.0 0.24155603349208832 1000.0
328410000.0 0.24155603349208832 1000.0
328413600.0 0.24155603349208832 1000.0
328417200.0 0.24155603349208832 1000.0
328420800.0 0.24155603349208832 1000.0
328424400.0 0.24155603349208832 1000.0
328428000.0 0.24155603349208832 1000.0
328431600.0 0.24155603349208832 1000.0
328435200.0 0.24155603349208832 1000.0
328438800.0 0.24155603349208832 1000.0
328442400.0 0.24155603349208832 1000.0
328446000.0 0.24155603349208832 1000.0
328449600.0 0.24155603349208832 1000.0
328453200.0 0.24155603349208832 1000.0
328456800.0 0.24155603349208832 1000.0
328460400.0 0.24155603349208832 1000.0
328464000.0 0.24155603349208832 1000.0
328467600.0 0.24155603349208832 1000.0
328471200.0 0.24155603349208832 1000.0
328474800.0 0.24155603349208832 1000.0
328478400.0 0.24155603349208832 1000.0
328482000.0 0.24155603349208832 1000.0
328485600.0 0.24155603349208832 1000.0
328492800.0 0.0 1000.0
